[gd_scene load_steps=7 format=3 uid="uid://biu0tg8fneht0"]

[ext_resource type="Script" uid="uid://d1cki4iauvdqt" path="res://scripts/scenes/level_2.gd" id="1_p1d34"]
[ext_resource type="PackedScene" uid="uid://duydi7lytqxks" path="res://scenes/enviornment/CaveEnv.tscn" id="1_raxm7"]
[ext_resource type="PackedScene" uid="uid://dwqj4buhblxh8" path="res://entities/enemt/enemt.tscn" id="3_qyb5k"]
[ext_resource type="PackedScene" uid="uid://c8k8dm81jp0pu" path="res://assets/model/enviornment/mushroom_gray.blend" id="4_g1dg4"]

[sub_resource type="BoxShape3D" id="BoxShape3D_qyb5k"]
size = Vector3(9, 6, 1)

[sub_resource type="NavigationMesh" id="NavigationMesh_qyb5k"]
vertices = PackedVector3Array(-17.506, 2, -10.8803, -16.756, 2, -9.88033, -16.506, 2, -11.1303, -15.506, 2, -11.8803, -14.256, 2, -11.8803, -12.756, 2, -10.8803, -11.756, 2, -11.3803, -11.756, 2, -14.8803, -16.506, 2, -23.1303, -17.006, 2, -20.8803, -15.256, 2, -20.8803, -11.256, 2, -23.6303, -11.506, 2, -24.1303, -15.756, 2, -24.1303, -15.506, 2, -17.8803, -18.006, 2, -16.8803, -11.006, 2, -17.1303, -15.006, 2, -19.1303, -5.75605, 2, -9.63033, -6.50605, 2, -9.63033, -7.00605, 2, -8.88033, -12.506, 2, -7.88033, -13.506, 2, -7.63033, -13.756, 2, -6.88033, -4.75605, 2, -4.63033, -4.25605, 2, -3.63033, -2.75605, 2, -4.63033, -10.006, 2, -3.13033, -9.00605, 2, -2.88033, -8.25605, 2, -4.63033, -3.25605, 2, -9.63033, -5.00605, 2, -11.3803, -10.006, 2, -10.1303, -9.75605, 2, -9.13033, -8.25605, 2, -8.88033)
polygons = [PackedInt32Array(2, 1, 0), PackedInt32Array(3, 2, 0), PackedInt32Array(5, 4, 6), PackedInt32Array(6, 4, 7), PackedInt32Array(9, 8, 10), PackedInt32Array(10, 8, 13), PackedInt32Array(10, 13, 12), PackedInt32Array(10, 12, 11), PackedInt32Array(16, 7, 14), PackedInt32Array(14, 7, 15), PackedInt32Array(15, 7, 3), PackedInt32Array(15, 3, 0), PackedInt32Array(14, 17, 16), PackedInt32Array(17, 10, 16), PackedInt32Array(16, 10, 11), PackedInt32Array(7, 4, 3), PackedInt32Array(20, 19, 18), PackedInt32Array(23, 22, 21), PackedInt32Array(26, 25, 24), PackedInt32Array(29, 28, 27), PackedInt32Array(18, 31, 30), PackedInt32Array(6, 32, 5), PackedInt32Array(5, 32, 33), PackedInt32Array(5, 33, 21), PackedInt32Array(33, 34, 21), PackedInt32Array(21, 34, 23), PackedInt32Array(23, 34, 29), PackedInt32Array(23, 29, 27), PackedInt32Array(34, 20, 29), PackedInt32Array(29, 20, 24), PackedInt32Array(18, 30, 20), PackedInt32Array(20, 30, 24), PackedInt32Array(24, 30, 26)]

[node name="Level2" type="Node3D"]
script = ExtResource("1_p1d34")

[node name="CaveEnv" parent="." instance=ExtResource("1_raxm7")]

[node name="LightCover" type="CSGBox3D" parent="."]
transform = Transform3D(0.707107, 0, 0.707107, 0, 1, 0, -0.707107, 0, 0.707107, -7.58237, 34, -26.6438)
size = Vector3(41.9968, 1, 65.3029)

[node name="ForegroundBottom" type="Node3D" parent="."]

[node name="CSGBox3D7" type="CSGBox3D" parent="ForegroundBottom"]
transform = Transform3D(0.211071, -0.788929, 0.577096, 0.577096, 0.577097, 0.577857, -0.788929, 0.211071, 0.577096, 3.92493, 6.07565, 7.83271)
size = Vector3(3.49292, 2.74364, 1)

[node name="CSGBox3D16" type="CSGBox3D" parent="ForegroundBottom"]
transform = Transform3D(0.211071, -0.788929, 0.577096, 0.577096, 0.577097, 0.577857, -0.788929, 0.211071, 0.577096, 10.6346, 7.74952, 13.3094)
size = Vector3(7.37, 9.08666, 1)

[node name="CSGBox3D9" type="CSGBox3D" parent="ForegroundBottom"]
transform = Transform3D(0.211071, -0.788929, 0.577096, 0.577096, 0.577097, 0.577857, -0.788929, 0.211071, 0.577096, 8.24428, 5.59861, 3.99102)
size = Vector3(5.19421, 4.55004, 1)

[node name="CSGBox3D17" type="CSGBox3D" parent="ForegroundBottom"]
transform = Transform3D(0.211071, -0.788929, 0.577096, 0.577096, 0.577097, 0.577857, -0.788929, 0.211071, 0.577096, 16.3804, 7.64711, 7.66623)
size = Vector3(5.19421, 13.4718, 1)

[node name="CSGBox3D18" type="CSGBox3D" parent="ForegroundBottom"]
transform = Transform3D(0.211071, -0.788929, 0.577096, 0.577096, 0.577097, 0.577857, -0.788929, 0.211071, 0.577096, -12.5971, 18.5429, -13.8845)
size = Vector3(5.19421, 13.4718, 1)

[node name="CSGBox3D19" type="CSGBox3D" parent="ForegroundBottom"]
transform = Transform3D(0.211071, -0.788929, 0.577096, 0.577096, 0.577097, 0.577857, -0.788929, 0.211071, 0.577096, -11.222, 19.0175, -15.7347)
size = Vector3(5.19421, 13.4718, 1)

[node name="CSGBox3D22" type="CSGBox3D" parent="ForegroundBottom"]
transform = Transform3D(0.128688, -0.806473, 0.577096, 0.633468, 0.514586, 0.577857, -0.762992, 0.291209, 0.577096, 3.38011, 4.24338, -15.5433)
size = Vector3(5.19421, 13.4718, 1)

[node name="CSGBox3D23" type="CSGBox3D" parent="ForegroundBottom"]
transform = Transform3D(0.128688, -0.806473, 0.577096, 0.633468, 0.514586, 0.577857, -0.762992, 0.291209, 0.577096, 4.16541, 4.76658, -16.8524)
size = Vector3(5.19421, 13.4718, 1)

[node name="CSGBox3D24" type="CSGBox3D" parent="ForegroundBottom"]
transform = Transform3D(0.737984, -0.34977, 0.577096, -0.0663482, 0.813437, 0.577857, -0.671549, -0.464739, 0.577096, 2.73568, 8.09159, -18.7521)
size = Vector3(5.19421, 5.29657, 1)

[node name="CSGBox3D20" type="CSGBox3D" parent="ForegroundBottom"]
transform = Transform3D(0.00598927, -0.816654, 0.577096, 0.703626, 0.41351, 0.577857, -0.710545, 0.402599, 0.577096, -4.20668, 16.0438, -19.7724)
size = Vector3(5.19421, 13.4718, 1)

[node name="CSGBox3D21" type="CSGBox3D" parent="ForegroundBottom"]
transform = Transform3D(0.804835, 0.13856, 0.577096, -0.522308, 0.627116, 0.577857, -0.281839, -0.766503, 0.577096, 1.60993, 14.0765, -23.6191)
size = Vector3(5.19421, 13.4718, 1)

[node name="CSGBox3D10" type="CSGBox3D" parent="ForegroundBottom"]
transform = Transform3D(0.668222, -0.469509, 0.577096, 0.0721386, 0.812943, 0.577858, -0.740456, -0.344507, 0.577096, 0.934401, 6.70174, 10.1963)
size = Vector3(5.19421, 6.93603, 1)

[node name="CSGBox3D11" type="CSGBox3D" parent="ForegroundBottom"]
transform = Transform3D(0.73821, -0.349294, 0.577096, -0.0668731, 0.813393, 0.577858, -0.671249, -0.465172, 0.577096, 10.3608, 6.83121, 0.64032)
size = Vector3(5.19421, 6.48331, 1)

[node name="CSGBox3D8" type="CSGBox3D" parent="ForegroundBottom"]
transform = Transform3D(0.211071, -0.788929, 0.577096, 0.577096, 0.577097, 0.577857, -0.788929, 0.211071, 0.577096, 5.77028, 5.47588, 6.58792)
size = Vector3(3.49292, 2.74364, 1)

[node name="CSGBox3D15" type="CSGBox3D" parent="ForegroundBottom"]
transform = Transform3D(0.211071, -0.788929, 0.577096, 0.577096, 0.577097, 0.577857, -0.788929, 0.211071, 0.577096, 10.387, 10.0987, 11.2047)
size = Vector3(3.49292, 2.74364, 1)

[node name="Cave" type="Node3D" parent="."]

[node name="CSGBox3D5" type="CSGBox3D" parent="Cave"]
transform = Transform3D(-0.664257, 0.0876282, -0.74235, 0.130786, 0.991411, 0, 0.735974, -0.097089, -0.670012, 8.24427, 2.00462, 9.8174)
use_collision = true
size = Vector3(1.1236, 3.51535, 9)

[node name="CSGBox3D12" type="CSGBox3D" parent="Cave"]
transform = Transform3D(-0.602454, 0.293199, -0.74235, 0.437602, 0.899169, 0, 0.667498, -0.324854, -0.670012, 8.26797, 4.37638, 9.32949)
use_collision = true
size = Vector3(1.62891, 2.74364, 9)

[node name="CSGBox3D13" type="CSGBox3D" parent="Cave"]
transform = Transform3D(-0.434569, 0.509967, -0.74235, 0.761131, 0.648598, 0, 0.481487, -0.565026, -0.670012, 8.99261, 4.25397, 8.28866)
use_collision = true
size = Vector3(1.62891, 1.8183, 9)

[node name="CSGBox3D6" type="CSGBox3D" parent="Cave"]
transform = Transform3D(-0.660917, -0.110019, -0.74235, -0.164204, 0.986426, 0, 0.732274, 0.121897, -0.670012, 9.96378, 1.55941, 7.8695)
use_collision = true
size = Vector3(1, 3.03601, 9)

[node name="CSGBox3D14" type="CSGBox3D" parent="Cave"]
transform = Transform3D(-0.592358, -0.313095, -0.74235, -0.467297, 0.8841, 0, 0.656312, 0.346898, -0.670012, 9.45788, 3.16287, 7.86426)
use_collision = true
size = Vector3(1, 3.03601, 9)

[node name="CSGBox3D" type="CSGBox3D" parent="Cave"]
transform = Transform3D(0.707107, 0, 0.707107, 0, 1, 0, -0.707107, 0, 0.707107, 3.83988, 1, 4.04699)
use_collision = true
size = Vector3(4, 1, 21.3442)

[node name="Cave2" type="Node3D" parent="."]

[node name="CSGBox3D2" type="CSGBox3D" parent="Cave2"]
transform = Transform3D(1, 0, 0, 0, 1, 0, 0, 0, 1, -13.6454, 1.20825, -29.6251)
use_collision = true
size = Vector3(4.27026, 0.583496, 10)

[node name="CSGBox3D3" type="CSGBox3D" parent="Cave2"]
transform = Transform3D(0.993461, 0.114174, 0, -0.114174, 0.993461, 0, 0, 0, 1, -15.794, 1.96801, -30.9044)
use_collision = true
size = Vector3(1.14246, 2.25252, 10)

[node name="CSGBox3D7" type="CSGBox3D" parent="Cave2"]
transform = Transform3D(0.921287, 0.388883, 0, -0.388883, 0.921287, 0, 0, 0, 1, -15.2759, 3.93687, -30.9044)
use_collision = true
size = Vector3(1.14246, 2.20707, 10)

[node name="CSGBox3D4" type="CSGBox3D" parent="Cave2"]
transform = Transform3D(0.984053, -0.177875, 0, 0.177875, 0.984053, 0, 0, 0, 1, -11.6394, 2.74346, -30.9044)
use_collision = true
size = Vector3(1.14246, 3.10664, 10)

[node name="CSGBox3D8" type="CSGBox3D" parent="Cave2"]
transform = Transform3D(0.918032, -0.396507, 0, 0.396507, 0.918032, 0, 0, 0, 1, -12.2192, 4.21443, -30.9044)
use_collision = true
size = Vector3(1.14246, 2.8082, 10)

[node name="CSGBox3D5" type="CSGBox3D" parent="Cave2"]
transform = Transform3D(0.897474, -0.441067, 0, 0.441067, 0.897474, 0, 0, 0, 1, -12.7067, 4.59355, -26.7352)
use_collision = true
size = Vector3(1.51361, 1.3852, 1.66162)

[node name="CSGBox3D6" type="CSGBox3D" parent="Cave2"]
transform = Transform3D(0.853851, -0.520518, 0, 0.520518, 0.853851, 0, 0, 0, 1, -14.0738, 4.90688, -30.9044)
use_collision = true
size = Vector3(1.86472, 1.75118, 10)

[node name="Lights" type="Node3D" parent="."]

[node name="OmniLight3D2" type="OmniLight3D" parent="Lights"]
transform = Transform3D(1, 0, 0, 0, 1, 0, 0, 0, 1, 11.0405, 2.32083, 10.9817)
light_color = Color(0.314773, 0.474335, 0.923773, 1)
light_energy = 12.942
light_specular = 0.0
shadow_enabled = true
omni_range = 20.9488

[node name="OmniLight3D3" type="OmniLight3D" parent="Lights"]
transform = Transform3D(1, 0, 0, 0, 1, 0, 0, 0, 1, -13.6889, 3.5321, -38.424)
light_color = Color(0.314773, 0.474335, 0.923773, 1)
light_energy = 12.942
light_specular = 0.0
shadow_enabled = true
omni_range = 20.9488

[node name="SpotLight3D" type="SpotLight3D" parent="Lights"]
transform = Transform3D(1, 0, 0, 0, -4.37114e-08, 1, 0, -1, -4.37114e-08, -7.82702, 16.8481, -7.66728)
light_color = Color(0.252028, 0.252028, 0.252028, 1)
spot_range = 41.64
spot_angle = 47.0548
spot_angle_attenuation = 0.026278

[node name="Barriers" type="Node3D" parent="."]
visible = false

[node name="CSGBox3D2" type="CSGBox3D" parent="Barriers"]
transform = Transform3D(0.707107, 0, 0.707107, 0, 1, 0, -0.707107, 0, 0.707107, 1.22942, 2.62751, -2.22619)
use_collision = true
size = Vector3(0.168945, 2.479, 8.35501)

[node name="CSGBox3D11" type="CSGBox3D" parent="Barriers"]
transform = Transform3D(0.990531, 0, 0.137289, 0, 1, 0, -0.137289, 0, 0.990531, -1.80895, 2.62751, -7.38059)
use_collision = true
size = Vector3(0.168945, 2.479, 4.92848)

[node name="CSGBox3D12" type="CSGBox3D" parent="Barriers"]
transform = Transform3D(0.147481, 0, 0.989065, 0, 1, 0, -0.989065, 0, 0.147481, -7.76332, 2.62751, -1.91291)
use_collision = true
size = Vector3(0.168945, 2.479, 4.92848)

[node name="CSGBox3D3" type="CSGBox3D" parent="Barriers"]
transform = Transform3D(0.707107, 0, 0.707107, 0, 1, 0, -0.707107, 0, 0.707107, -2.28211, 2.62751, 1.38996)
use_collision = true
size = Vector3(0.168945, 2.479, 8.20706)

[node name="CSGBox3D4" type="CSGBox3D" parent="Barriers"]
transform = Transform3D(0.707107, 0, 0.707107, 0, 1, 0, -0.707107, 0, 0.707107, -14.0441, 2.62751, -6.21291)
use_collision = true
size = Vector3(0.168945, 2.479, 11.1919)

[node name="CSGBox3D5" type="CSGBox3D" parent="Barriers"]
transform = Transform3D(0.707107, 0, 0.707107, 0, 1, 0, -0.707107, 0, 0.707107, -6.27328, 2.62751, -13.9837)
use_collision = true
size = Vector3(0.168945, 2.479, 11.1919)

[node name="CSGBox3D6" type="CSGBox3D" parent="Barriers"]
transform = Transform3D(0.994306, 0, 0.106559, 0, 1, 0, -0.106559, 0, 0.994306, -18.4356, 2.62751, -14.196)
use_collision = true
size = Vector3(0.168945, 2.479, 8.46949)

[node name="CSGBox3D7" type="CSGBox3D" parent="Barriers"]
transform = Transform3D(0.948617, 0, -0.316427, 0, 1, 0, 0.316427, 0, 0.948617, -18.1479, 2.62751, -20.4599)
use_collision = true
size = Vector3(0.168945, 2.479, 5.65601)

[node name="CSGBox3D9" type="CSGBox3D" parent="Barriers"]
transform = Transform3D(0.783856, 0, -0.620943, 0, 1, 0, 0.620943, 0, 0.783856, -16.705, 2.62751, -23.7984)
use_collision = true
size = Vector3(0.168945, 2.479, 2.45007)

[node name="CSGBox3D10" type="CSGBox3D" parent="Barriers"]
transform = Transform3D(0.991502, 0, -0.130094, 0, 1, 0, 0.130094, 0, 0.991502, -15.9756, 2.62751, -25.2563)
use_collision = true
size = Vector3(0.168945, 2.479, 1.20551)

[node name="CSGBox3D8" type="CSGBox3D" parent="Barriers"]
transform = Transform3D(0.994733, 0, 0.102497, 0, 1, 0, -0.102497, 0, 0.994733, -10.6282, 2.62751, -21.8593)
use_collision = true
size = Vector3(0.168945, 2.479, 8.02185)

[node name="Area3D" type="Area3D" parent="."]
transform = Transform3D(1, 0, 0, 0, 1, 0, 0, 0, 1, 3, 0, 3)

[node name="CollisionShape3D" type="CollisionShape3D" parent="Area3D"]
transform = Transform3D(0.707107, 0, 0.707107, 0, 1, 0, -0.707107, 0, 0.707107, -0.77424, 2.5, -0.790208)
shape = SubResource("BoxShape3D_qyb5k")

[node name="Area3D2" type="Area3D" parent="."]
transform = Transform3D(0.707107, 0, -0.707107, 0, 1, 0, 0.707107, 0, 0.707107, -14, 0, -29)

[node name="CollisionShape3D" type="CollisionShape3D" parent="Area3D2"]
transform = Transform3D(0.707107, 0, 0.707107, 0, 1, 0, -0.707107, 0, 0.707107, 0.501566, 2.5, 0.501566)
shape = SubResource("BoxShape3D_qyb5k")

[node name="Enemt" parent="." instance=ExtResource("3_qyb5k")]
transform = Transform3D(1, 0, 0, 0, 1, 0, 0, 0, 1, -8.55347, 2.53032, -5.94244)
drops_relic_1 = true
drops_shards = false

[node name="NavigationRegion3D" type="NavigationRegion3D" parent="."]
navigation_mesh = SubResource("NavigationMesh_qyb5k")

[node name="CSGPolygon3D" type="CSGPolygon3D" parent="NavigationRegion3D"]
transform = Transform3D(0.707107, -0.707107, -3.09086e-08, 0, -4.37114e-08, 1, -0.707107, -0.707107, -3.09086e-08, -5, 1.5, -2)
use_collision = true
polygon = PackedVector2Array(0, 0, -3, 4, -3, 15, 2, 21, 6.51438, 23.255, 8.37927, 23.6239, 11.6623, 20.3418, 9.43056, 17.424, 7, 15, 3.65931, 12.8178, 2.11139, 11.1624, 2.57439, 9.15018, 3.56335, 8.72266, 4.86588, 9.24712, 6.86022, 7.86042, 7, 4, 4, 0)

[node name="CSGBox3D14" type="CSGBox3D" parent="NavigationRegion3D"]
transform = Transform3D(0.600682, -0.523013, 0.604682, 0.787204, 0.518995, -0.333098, -0.139612, 0.676093, 0.723469, -7.6022, 1.95482, -10.3768)
use_collision = true
size = Vector3(1.3739, 1.31836, 1)

[node name="CSGBox3D15" type="CSGBox3D" parent="NavigationRegion3D"]
transform = Transform3D(0.600682, -0.523013, 0.604682, 0.787204, 0.518995, -0.333098, -0.139612, 0.676093, 0.723469, -7.76038, 1.95482, -11.5261)
use_collision = true
size = Vector3(1.3739, 1.31836, 1)

[node name="CSGBox3D16" type="CSGBox3D" parent="NavigationRegion3D"]
transform = Transform3D(-0.00343777, -0.0869605, 0.996207, 0.791943, 0.608039, 0.0558095, -0.610586, 0.789131, 0.0667773, -6.47908, 1.74259, -10.884)
use_collision = true
size = Vector3(1.3739, 1.31836, 1)

[node name="CSGBox3D4" type="CSGBox3D" parent="NavigationRegion3D"]
transform = Transform3D(-0.432694, 0.189846, -0.881326, 0.683013, 0.707107, -0.183013, 0.588447, -0.681145, -0.435628, -6.90077, 2.19887, -11.6482)
use_collision = true
size = Vector3(2, 1.97266, 1)

[node name="CSGBox3D17" type="CSGBox3D" parent="NavigationRegion3D"]
transform = Transform3D(0.544065, -0.838778, -0.0211094, 0.787204, 0.518995, -0.333098, 0.29035, 0.164609, 0.942657, -7.54207, 1.95482, -2.49257)
use_collision = true
size = Vector3(1.3739, 1.31836, 1)

[node name="CSGBox3D20" type="CSGBox3D" parent="NavigationRegion3D"]
transform = Transform3D(0.485706, -0.854605, -0.183688, 0.787204, 0.518995, -0.333098, 0.38, 0.017187, 0.924827, -8.7978, 1.71678, -10.4083)
use_collision = true
size = Vector3(1.3739, 1.31836, 1)

[node name="CSGBox3D18" type="CSGBox3D" parent="NavigationRegion3D"]
transform = Transform3D(0.544065, -0.838778, -0.0211094, 0.787204, 0.518995, -0.333098, 0.29035, 0.164609, 0.942657, -6.90453, 1.95482, -3.46183)
use_collision = true
size = Vector3(1.3739, 1.31836, 1)

[node name="CSGBox3D19" type="CSGBox3D" parent="NavigationRegion3D"]
transform = Transform3D(0.399374, -0.58496, 0.705921, 0.791943, 0.608039, 0.0558096, -0.461874, 0.53676, 0.70609, -6.36276, 1.74259, -2.13499)
use_collision = true
size = Vector3(1.3739, 1.31836, 1)

[node name="CSGBox3D5" type="CSGBox3D" parent="NavigationRegion3D"]
transform = Transform3D(-0.713092, 0.591317, -0.376623, 0.683013, 0.707107, -0.183013, 0.158094, -0.387743, -0.908109, -6.17711, 2.19887, -2.98781)
use_collision = true
size = Vector3(2, 1.97266, 1)

[node name="CSGBox3D21" type="CSGBox3D" parent="NavigationRegion3D"]
transform = Transform3D(0.558501, -0.370936, 0.741946, 0.787204, 0.518995, -0.333098, -0.261509, 0.770098, 0.581861, -14.7463, 1.95482, -8.09936)
use_collision = true
size = Vector3(1.3739, 1.31836, 1)

[node name="CSGBox3D22" type="CSGBox3D" parent="NavigationRegion3D"]
transform = Transform3D(-0.130373, 0.0790919, 0.988306, 0.791943, 0.608039, 0.0558096, -0.596515, 0.789958, -0.141909, -13.7532, 1.74259, -8.82909)
use_collision = true
size = Vector3(1.3739, 1.31836, 1)

[node name="CSGBox3D25" type="CSGBox3D" parent="NavigationRegion3D"]
transform = Transform3D(0.527209, -0.727038, 0.43985, 0.791943, 0.608039, 0.0558096, -0.308022, 0.318913, 0.896336, -15.1564, 1.74259, -10.471)
use_collision = true
size = Vector3(1.3739, 1.31836, 1)

[node name="CSGBox3D6" type="CSGBox3D" parent="NavigationRegion3D"]
transform = Transform3D(-0.300824, 0.0440057, -0.952664, 0.683013, 0.707107, -0.183013, 0.665581, -0.705736, -0.242771, -14.3247, 2.19887, -9.48882)
use_collision = true
size = Vector3(2, 1.97266, 1)

[node name="CSGBox3D23" type="CSGBox3D" parent="NavigationRegion3D"]
transform = Transform3D(-0.388026, -0.00297001, -0.921643, 0.787204, 0.518995, -0.333098, 0.479318, -0.854772, -0.199045, -16.3077, 2.04167, -19.4545)
use_collision = true
size = Vector3(1.3739, 1.31836, 1)

[node name="CSGBox3D24" type="CSGBox3D" parent="NavigationRegion3D"]
transform = Transform3D(-0.574744, 0.421625, -0.701356, 0.787204, 0.518995, -0.333098, 0.223558, -0.743557, -0.630194, -17.1406, 2.09519, -18.7957)
use_collision = true
size = Vector3(2.16656, 1.86035, 1)

[node name="Area3D3" type="Area3D" parent="."]
transform = Transform3D(1, 0, 0, 0, 1, 0, 0, 0, 1, -9, -1.37805, -13)

[node name="CollisionPolygon3D" type="CollisionPolygon3D" parent="Area3D3"]
transform = Transform3D(1, 0, 0, 0, -4.37114e-08, -1, 0, 1, -4.37114e-08, 0, 0, 0)
polygon = PackedVector2Array(7.26832, -1.62348, 2.60808, -7.73124, -3.72886, -8.15231, -7.51738, -1.34728, -3.478, 7.16771, 2.10807, 6.81981, 7.91418, 3.77789)

[node name="Nature" type="Node3D" parent="."]

[node name="mushroom_gray" parent="Nature" instance=ExtResource("4_g1dg4")]
transform = Transform3D(0.9540117, 0.2538549, -0.1594348, -0.27231383, 0.9562537, -0.10688314, 0.12532735, 0.14538409, 0.9814054, -6.822616, 1.482589, -9.512633)

[node name="mushroom_gray2" parent="Nature" instance=ExtResource("4_g1dg4")]
transform = Transform3D(0.7245706, -0.33037728, -0.60485417, 0.18156378, 0.938117, -0.2949088, 0.6648551, 0.10386264, 0.7397164, -6.4062843, 1.482589, -9.687181)

[node name="mushroom_gray3" parent="Nature" instance=ExtResource("4_g1dg4")]
transform = Transform3D(0.9540117, 0.2538549, -0.1594348, -0.27231383, 0.9562537, -0.10688314, 0.12532735, 0.14538409, 0.9814054, -6.2829714, 1.482589, -9.226223)

[node name="mushroom_gray4" parent="Nature" instance=ExtResource("4_g1dg4")]
transform = Transform3D(0.7245706, -0.33037728, -0.60485417, 0.18156378, 0.938117, -0.2949088, 0.6648551, 0.10386264, 0.7397164, -6.982798, 1.482589, -8.995894)

[node name="mushroom_gray20" parent="Nature" instance=ExtResource("4_g1dg4")]
transform = Transform3D(0.7245706, -0.33037728, -0.60485417, 0.18156378, 0.938117, -0.2949088, 0.6648551, 0.10386264, 0.7397164, -5.457485, 1.482589, -11.084106)

[node name="mushroom_gray5" parent="Nature" instance=ExtResource("4_g1dg4")]
transform = Transform3D(0.9540117, 0.2538549, -0.1594348, -0.27231383, 0.9562537, -0.10688314, 0.12532735, 0.14538409, 0.9814054, -6.3519106, 1.482589, -5.3350525)

[node name="mushroom_gray6" parent="Nature" instance=ExtResource("4_g1dg4")]
transform = Transform3D(0.7245706, -0.33037728, -0.60485417, 0.18156378, 0.938117, -0.2949088, 0.6648551, 0.10386264, 0.7397164, -4.7240744, 1.482589, -3.4898202)

[node name="mushroom_gray21" parent="Nature" instance=ExtResource("4_g1dg4")]
transform = Transform3D(0.44086987, 0.19041401, 0.87714106, 0.18156376, 0.938117, -0.2949088, -0.8790157, 0.28927338, 0.3790152, -4.6180596, 1.482589, -3.21734)

[node name="mushroom_gray7" parent="Nature" instance=ExtResource("4_g1dg4")]
transform = Transform3D(0.96219057, 0.27130204, -0.024177864, -0.27231383, 0.9562538, -0.10688315, -0.0058774203, 0.10942593, 0.99397755, -13.099601, 1.482589, -9.460493)

[node name="mushroom_gray8" parent="Nature" instance=ExtResource("4_g1dg4")]
transform = Transform3D(0.8084303, -0.31313705, -0.49838322, 0.18156376, 0.938117, -0.2949088, 0.5598886, 0.14792487, 0.8152564, -12.808895, 1.482589, -9.862138)

[node name="mushroom_gray9" parent="Nature" instance=ExtResource("4_g1dg4")]
transform = Transform3D(0.96219057, 0.27130204, -0.024177864, -0.27231383, 0.9562538, -0.10688315, -0.0058774203, 0.10942593, 0.99397755, -13.234058, 1.482589, -10.070323)

[node name="mushroom_gray10" parent="Nature" instance=ExtResource("4_g1dg4")]
transform = Transform3D(0.8084303, -0.31313705, -0.49838322, 0.18156376, 0.938117, -0.2949088, 0.5598886, 0.14792487, 0.8152564, -13.454552, 1.482589, -10.544704)

[node name="mushroom_gray11" parent="Nature" instance=ExtResource("4_g1dg4")]
transform = Transform3D(0.9540117, 0.2538549, -0.1594348, -0.27231383, 0.9562537, -0.10688314, 0.12532735, 0.14538409, 0.9814054, -15.653671, 1.482589, -19.297596)

[node name="mushroom_gray12" parent="Nature" instance=ExtResource("4_g1dg4")]
transform = Transform3D(0.7245706, -0.33037728, -0.60485417, 0.18156378, 0.938117, -0.2949088, 0.6648551, 0.10386264, 0.7397164, -15.572754, 1.4825885, -18.529001)

[node name="mushroom_gray13" parent="Nature" instance=ExtResource("4_g1dg4")]
transform = Transform3D(0.9540117, 0.2538549, -0.15943481, -0.13123925, 0.8318732, 0.539225, 0.2695144, -0.49350277, 0.8269323, -15.552194, 1.4825885, -18.60174)

[node name="mushroom_gray14" parent="Nature" instance=ExtResource("4_g1dg4")]
transform = Transform3D(0.7245706, -0.33037728, -0.60485417, 0.18156378, 0.938117, -0.2949088, 0.6648551, 0.10386264, 0.7397164, -15.2276535, 1.4825885, -19.678143)

[node name="mushroom_gray15" parent="Nature" instance=ExtResource("4_g1dg4")]
transform = Transform3D(0.9540117, 0.2538549, -0.1594348, -0.27231383, 0.9562537, -0.10688314, 0.12532735, 0.14538409, 0.9814054, -15.21073, 1.4825884, -25.534779)

[node name="mushroom_gray16" parent="Nature" instance=ExtResource("4_g1dg4")]
transform = Transform3D(0.7245706, -0.33037728, -0.60485417, 0.18156378, 0.938117, -0.2949088, 0.6648551, 0.10386264, 0.7397164, -14.888697, 1.4825884, -25.56833)

[node name="mushroom_gray19" parent="Nature" instance=ExtResource("4_g1dg4")]
transform = Transform3D(0.7245706, -0.33037728, -0.60485417, 0.18156378, 0.938117, -0.2949088, 0.6648551, 0.10386264, 0.7397164, -12.047016, 1.4825884, -25.956913)

[node name="mushroom_gray17" parent="Nature" instance=ExtResource("4_g1dg4")]
transform = Transform3D(0.9540117, 0.2538549, -0.1594348, -0.27231383, 0.9562537, -0.10688314, 0.12532735, 0.14538409, 0.9814054, -15.001503, 1.4825885, -26.069231)

[node name="mushroom_gray18" parent="Nature" instance=ExtResource("4_g1dg4")]
transform = Transform3D(0.7245706, -0.33037728, -0.60485417, 0.18156378, 0.938117, -0.2949088, 0.6648551, 0.10386264, 0.7397164, -15.001503, 1.4825885, -26.069231)

[connection signal="body_entered" from="Area3D" to="." method="_on_area_3d_body_entered"]
[connection signal="body_entered" from="Area3D2" to="." method="_on_area_3d_2_body_entered"]
[connection signal="body_entered" from="Area3D3" to="." method="_on_area_3d_3_body_entered"]
