[gd_scene load_steps=4 format=3 uid="uid://csb64dawc7x4p"]

[ext_resource type="Script" uid="uid://by1dqsv4hw01p" path="res://scripts/scenes/level_1.gd" id="1_pdtm5"]
[ext_resource type="PackedScene" uid="uid://duydi7lytqxks" path="res://scenes/enviornment/CaveEnv.tscn" id="1_sjb42"]

[sub_resource type="BoxShape3D" id="BoxShape3D_sjb42"]
size = Vector3(7.24316, 5.76898, 1)

[node name="Level1" type="Node3D"]
script = ExtResource("1_pdtm5")

[node name="CaveEnv" parent="." instance=ExtResource("1_sjb42")]

[node name="ForegroundTop" type="Node" parent="."]

[node name="CSGBox3D5" type="CSGBox3D" parent="ForegroundTop"]
transform = Transform3D(0.436492, -0.444019, 0.78251, 0.712795, 0.701372, 0.000374854, -0.548997, 0.557606, 0.622638, -2.76616, 10.1174, 1.10351)
size = Vector3(2.79016, 3.37061, 1)

[node name="CSGBox3D9" type="CSGBox3D" parent="ForegroundTop"]
transform = Transform3D(0.436492, -0.444019, 0.78251, 0.712795, 0.701372, 0.000374854, -0.548997, 0.557606, 0.622638, -5.93601, 8.19631, 4.34251)
size = Vector3(2.79016, 9.54187, 1)

[node name="CSGBox3D23" type="CSGBox3D" parent="ForegroundTop"]
transform = Transform3D(0.436492, -0.444019, 0.78251, 0.712795, 0.701372, 0.000374854, -0.548997, 0.557606, 0.622638, -7.6593, 7.31235, 5.63263)
size = Vector3(2.79016, 9.54187, 1)

[node name="CSGBox3D18" type="CSGBox3D" parent="ForegroundTop"]
transform = Transform3D(0.436492, -0.444019, 0.78251, 0.712795, 0.701372, 0.000374854, -0.548997, 0.557606, 0.622638, -4.3365, 9.98111, 2.33122)
size = Vector3(2.79016, 9.54187, 1)

[node name="CSGBox3D10" type="CSGBox3D" parent="ForegroundTop"]
transform = Transform3D(0.436492, -0.444019, 0.78251, 0.712795, 0.701372, 0.000374854, -0.548997, 0.557606, 0.622638, -5.17756, 11.3768, 4.75837)
size = Vector3(3.25836, 9.54187, 1)

[node name="CSGBox3D6" type="CSGBox3D" parent="ForegroundTop"]
transform = Transform3D(0.399715, -0.341191, 0.850774, 0.648768, 0.760986, 0.000374812, -0.647555, 0.551805, 0.525532, -1.48562, 10.4824, -0.568817)
size = Vector3(2.79016, 3.37061, 1)

[node name="CSGBox3D7" type="CSGBox3D" parent="ForegroundTop"]
transform = Transform3D(0.436492, -0.444019, 0.78251, 0.712795, 0.701372, 0.000374854, -0.548997, 0.557606, 0.622638, -3.81846, 8.6669, -2.97058)
size = Vector3(2.79016, 3.37061, 1)

[node name="CSGBox3D8" type="CSGBox3D" parent="ForegroundTop"]
transform = Transform3D(0.399715, -0.341191, 0.850774, 0.648768, 0.760986, 0.000374812, -0.647555, 0.551805, 0.525532, -2.49272, 9.10525, -4.71612)
size = Vector3(2.56403, 3.37061, 1)

[node name="CSGBox3D15" type="CSGBox3D" parent="ForegroundTop"]
transform = Transform3D(0.436492, -0.444019, 0.78251, 0.712795, 0.701372, 0.000374854, -0.548997, 0.557606, 0.622638, 5.76279, 13.306, -0.253069)
size = Vector3(10.4586, 3.37061, 1)

[node name="CSGBox3D17" type="CSGBox3D" parent="ForegroundTop"]
transform = Transform3D(0.60002, -0.166296, 0.78251, 0.266629, 0.963799, 0.000374854, -0.754245, 0.208415, 0.622638, 3.80437, 12.2323, 1.98253)
size = Vector3(5.04276, 3.29663, 1)

[node name="CSGBox3D16" type="CSGBox3D" parent="ForegroundTop"]
transform = Transform3D(0.399715, -0.341191, 0.850774, 0.648768, 0.760986, 0.000374812, -0.647555, 0.551805, 0.525532, 6.06199, 12.588, -1.89724)
size = Vector3(10.2419, 4.92053, 1)

[node name="ForegroundBottomSunBlock" type="Node" parent="."]

[node name="CSGBox3D28" type="CSGBox3D" parent="ForegroundBottomSunBlock"]
transform = Transform3D(1, 0, 0, 0, 1, 0, 0, 0, 1, 12.3042, 21.9657, -4.64424)
size = Vector3(11.0677, 0.745895, 17.9027)

[node name="CSGBox3D29" type="CSGBox3D" parent="ForegroundBottomSunBlock"]
transform = Transform3D(1, 0, 0, 0, 1, 0, 0, 0, 1, -2.76401, 21.9657, -26.2003)
size = Vector3(11.0677, 0.745895, 6.03925)

[node name="CSGBox3D33" type="CSGBox3D" parent="ForegroundBottomSunBlock"]
transform = Transform3D(1, 0, 0, 0, 1, 0, 0, 0, 1, -1.72215, 16.0041, 2.3126)
size = Vector3(10.2181, 0.745895, 5.4827)

[node name="CSGBox3D34" type="CSGBox3D" parent="ForegroundBottomSunBlock"]
transform = Transform3D(0.732769, 0, 0.680478, 0, 1, 0, -0.680478, 0, 0.732769, 1.6826, 17.6752, 4.11852)
size = Vector3(10.2181, 0.745895, 5.4827)

[node name="ForegroundBottom" type="Node" parent="."]

[node name="CSGBox3D24" type="CSGBox3D" parent="ForegroundBottom"]
transform = Transform3D(0.0607813, -0.814411, 0.577096, 0.67429, 0.459797, 0.577858, -0.735961, 0.354007, 0.577096, 8.75735, 5.10972, -0.785912)
size = Vector3(2.35941, 4.92053, 1)

[node name="CSGBox3D29" type="CSGBox3D" parent="ForegroundBottom"]
transform = Transform3D(0.592653, -0.561892, 0.577096, 0.189859, 0.793747, 0.577858, -0.782762, -0.232902, 0.577096, 1.74987, 1.96584, 9.3696)
size = Vector3(5.33228, 5.58316, 1)

[node name="CSGBox3D31" type="CSGBox3D" parent="ForegroundBottom"]
transform = Transform3D(0.44409, -0.685378, 0.577096, 0.370988, 0.726944, 0.577858, -0.815568, -0.042525, 0.577096, -0.902982, 3.81743, 10.1684)
size = Vector3(5.66236, 2.89581, 1)

[node name="CSGBox3D32" type="CSGBox3D" parent="ForegroundBottom"]
transform = Transform3D(0.44409, -0.685378, 0.577096, 0.370988, 0.726944, 0.577858, -0.815568, -0.042525, 0.577096, -3.81914, 6.42743, 10.4711)
size = Vector3(5.25904, 6.20486, 1)

[node name="CSGBox3D30" type="CSGBox3D" parent="ForegroundBottom"]
transform = Transform3D(0.708649, -0.405926, 0.577096, -0.00309083, 0.816132, 0.577858, -0.705554, -0.411282, 0.577096, 4.00471, 0.706359, 8.37591)
size = Vector3(2.38295, 5.22281, 1)

[node name="CSGBox3D35" type="CSGBox3D" parent="ForegroundBottom"]
transform = Transform3D(0.592653, -0.561892, 0.577096, 0.189859, 0.793747, 0.577858, -0.782762, -0.232902, 0.577096, 2.65633, 3.02814, 7.39944)
size = Vector3(2.72573, 1.16396, 1)

[node name="CSGBox3D27" type="CSGBox3D" parent="ForegroundBottom"]
transform = Transform3D(0.0607813, -0.814411, 0.577096, 0.67429, 0.459797, 0.577858, -0.735961, 0.354007, 0.577096, 8.32531, 2.66821, 1.84776)
size = Vector3(2.35941, 4.92053, 1)

[node name="CSGBox3D36" type="CSGBox3D" parent="ForegroundBottom"]
transform = Transform3D(-0.415192, -0.70326, 0.577096, 0.816102, -0.00762067, 0.577858, -0.401986, 0.710891, 0.577096, 9.96956, 0.574477, 2.30001)
size = Vector3(4.83485, 4.92053, 1)

[node name="CSGBox3D37" type="CSGBox3D" parent="ForegroundBottom"]
transform = Transform3D(-0.787944, -0.214718, 0.577096, 0.579759, -0.574421, 0.577858, 0.20742, 0.789896, 0.577096, 6.61836, 1.75575, 4.46837)
size = Vector3(4.83485, 4.92053, 1)

[node name="CSGBox3D38" type="CSGBox3D" parent="ForegroundBottom"]
transform = Transform3D(-0.803591, -0.145605, 0.577096, 0.527782, -0.622516, 0.577858, 0.275113, 0.768943, 0.577096, 5.03871, 1.18524, 6.61929)
size = Vector3(4.83485, 4.92053, 1)

[node name="CSGBox3D26" type="CSGBox3D" parent="ForegroundBottom"]
transform = Transform3D(0.700279, -0.420201, 0.577096, 0.0134461, 0.816027, 0.577858, -0.713743, -0.396902, 0.577096, 9.53288, 3.65232, -0.0938769)
size = Vector3(5.63819, 4.49065, 1)

[node name="CSGBox3D25" type="CSGBox3D" parent="ForegroundBottom"]
transform = Transform3D(0.00730068, -0.816643, 0.577096, 0.702962, 0.414638, 0.577857, -0.71119, 0.401458, 0.577096, 10.9003, 4.95491, -3.01697)
size = Vector3(2.35941, 4.92053, 1)

[node name="CSGBox3D10" type="CSGBox3D" parent="ForegroundBottom"]
transform = Transform3D(0.795069, -0.093064, 0.599337, 0.0568952, 0.995245, 0.0790639, -0.603845, -0.0287618, 0.796583, 8.4422, 7.24815, -7.57167)
size = Vector3(5.45108, 12.7749, 1)

[node name="CSGBox3D15" type="CSGBox3D" parent="ForegroundBottom"]
transform = Transform3D(0.672991, -0.43345, 0.599337, 0.489062, 0.868658, 0.0790639, -0.55489, 0.239904, 0.796583, 6.17122, 11.1796, -7.38211)
size = Vector3(5.43324, 4.29869, 1)

[node name="CSGBox3D16" type="CSGBox3D" parent="ForegroundBottom"]
transform = Transform3D(-4.37114e-08, -0.994286, 0.10675, 1, -4.34616e-08, 4.66619e-09, 0, 0.10675, 0.994286, 0.00906694, 10.4331, -11.1354)
use_collision = true
size = Vector3(3.59488, 7.71203, 1)

[node name="CSGBox3D17" type="CSGBox3D" parent="ForegroundBottom"]
transform = Transform3D(-4.37114e-08, -0.994286, 0.10675, 1, -4.34616e-08, 4.66619e-09, 0, 0.10675, 0.994286, 0.00906694, 10.4331, -11.1354)
use_collision = true
size = Vector3(3.59488, 7.71203, 1)

[node name="CSGBox3D18" type="CSGBox3D" parent="ForegroundBottom"]
transform = Transform3D(-4.37114e-08, -0.994286, 0.10675, 1, -4.34616e-08, 4.66619e-09, 0, 0.10675, 0.994286, -1.03185, 9.79767, -11.0237)
use_collision = true
size = Vector3(4.8658, 5.61822, 1)

[node name="CSGBox3D19" type="CSGBox3D" parent="ForegroundBottom"]
transform = Transform3D(-4.37114e-08, -0.994286, 0.10675, 1, -4.34616e-08, 4.66619e-09, 0, 0.10675, 0.994286, 1.69766, 7.50738, -11.6987)
use_collision = true
size = Vector3(2.89908, 2.01752, 0.001)

[node name="CSGBox3D20" type="CSGBox3D" parent="ForegroundBottom"]
transform = Transform3D(-4.37114e-08, -0.994286, 0.10675, 1, -4.34616e-08, 4.66619e-09, 0, 0.10675, 0.994286, -2.81771, 4.50957, -11.2139)
use_collision = true
size = Vector3(2.89908, 2.01752, 0.001)

[node name="Lights" type="Node" parent="."]

[node name="SpotLight3D" type="SpotLight3D" parent="Lights"]
transform = Transform3D(0.993791, 3.25424e-09, -0.111261, 0.104226, 0.349929, 0.93096, 0.0389334, -0.936776, 0.347757, 0.171949, 9.77802, 0.785365)
spot_range = 10.2273
spot_angle = 32.3002

[node name="SpotLight3D2" type="SpotLight3D" parent="Lights"]
transform = Transform3D(0.937993, -0.293961, 0.183731, 0.013646, 0.560911, 0.827763, -0.346387, -0.773929, 0.530142, -0.564283, 13.4645, 1.44946)
spot_range = 8.25297
spot_angle = 37.5459

[node name="SpotLight3D4" type="SpotLight3D" parent="Lights"]
transform = Transform3D(0.774104, 0.0309194, 0.632303, 0.0539599, 0.991949, -0.114567, -0.630755, 0.122806, 0.766203, 10.2437, 12.1382, 1.76604)
light_energy = 0.072
spot_range = 6.94459
spot_angle = 59.4963

[node name="SpotLight3D3" type="SpotLight3D" parent="Lights"]
transform = Transform3D(0.973626, -0.205785, 0.0985173, 0.0239915, 0.521757, 0.852757, -0.226887, -0.827902, 0.512933, -3.15827, 11.499, 7.32051)
light_energy = 0.768
spot_range = 13.3131
spot_angle = 22.0724

[node name="OmniLight3D" type="OmniLight3D" parent="Lights"]
transform = Transform3D(1, 0, 0, 0, 1, 0, 0, 0, 1, 0, 1.13606, -16.0606)
light_color = Color(0.314773, 0.474335, 0.923773, 1)
light_specular = 0.0
shadow_enabled = true
omni_range = 17.4794

[node name="SpotLight3D5" type="SpotLight3D" parent="Lights"]
transform = Transform3D(1, 0, 0, 0, 0.828901, 0.559395, 0, -0.559395, 0.828901, 0, 6.33592, -2.05005)
visible = false
light_color = Color(0.556863, 0.643137, 0.635294, 1)
light_energy = 10.906
spot_range = 7.55239
spot_angle = 41.0846

[node name="Barriers" type="Node" parent="."]

[node name="CSGBox3D" type="CSGBox3D" parent="Barriers"]
transform = Transform3D(1, 0, 0, 0, 1, 0, 0, 0, 1, 4.0959, 2.59947, -0.106664)
visible = false
use_collision = true
size = Vector3(0.168945, 2.479, 6.94537)

[node name="CSGBox3D2" type="CSGBox3D" parent="Barriers"]
transform = Transform3D(1, 0, 0, 0, 1, 0, 0, 0, 1, -4.0495, 2.59947, 0.017359)
visible = false
use_collision = true
size = Vector3(0.168945, 2.479, 6.69733)

[node name="CSGBox3D4" type="CSGBox3D" parent="Barriers"]
transform = Transform3D(1, 0, 0, 0, 1, 0, 0, 0, 1, -1.92722, 1.93163, -6.70042)
visible = false
use_collision = true
size = Vector3(0.168945, 3.8147, 5.30911)

[node name="CSGBox3D5" type="CSGBox3D" parent="Barriers"]
transform = Transform3D(1, 0, 0, 0, 1, 0, 0, 0, 1, 2.00833, 1.93163, -6.70042)
visible = false
use_collision = true
size = Vector3(0.168945, 3.8147, 5.30911)

[node name="CSGBox3D6" type="CSGBox3D" parent="Barriers"]
transform = Transform3D(1, 0, 0, 0, 1, 0, 0, 0, 1, 2.90695, 1.93163, -4.11783)
visible = false
use_collision = true
size = Vector3(1.96619, 3.8147, 0.143929)

[node name="CSGBox3D7" type="CSGBox3D" parent="Barriers"]
transform = Transform3D(1, 0, 0, 0, 1, 0, 0, 0, 1, -2.84452, 1.93163, -4.11783)
visible = false
use_collision = true
size = Vector3(1.96619, 3.8147, 0.143929)

[node name="CSGBox3D3" type="CSGBox3D" parent="Barriers"]
transform = Transform3D(-4.37114e-08, 0, 1, 0, 1, 0, -1, 0, -4.37114e-08, -0.0229624, 2.59947, 4.14758)
visible = false
use_collision = true
size = Vector3(0.168945, 2.479, 7.05426)

[node name="CSGBox3D8" type="CSGBox3D" parent="Barriers"]
transform = Transform3D(0.969411, 0, 0.245443, 0, 1, 0, -0.245443, 0, 0.969411, 0.661108, 2.59947, 3.3205)
visible = false
use_collision = true
size = Vector3(0.168945, 2.479, 3.19582)

[node name="CSGBox3D9" type="CSGBox3D" parent="Barriers"]
transform = Transform3D(0.343053, 0, 0.939316, 0, 1, 0, -0.939316, 0, 0.343053, -2.52997, 2.59947, 1.96108)
visible = false
use_collision = true
size = Vector3(0.168945, 2.479, 3.19582)

[node name="CSGBox3D10" type="CSGBox3D" parent="Barriers"]
transform = Transform3D(0.825606, 0, 0.564247, 0, 1, 0, -0.564247, 0, 0.825606, 3.58026, 2.59947, 0.175157)
visible = false
use_collision = true
size = Vector3(0.168945, 2.479, 3.19582)

[node name="Level" type="Node" parent="."]

[node name="CSGBox3D" type="CSGBox3D" parent="Level"]
transform = Transform3D(1, 0, 0, 0, 1, 0, 0, 0, 1, 0, 1, 0)
use_collision = true
size = Vector3(7, 1, 7)

[node name="CSGBox3D5" type="CSGBox3D" parent="Level"]
transform = Transform3D(0.991411, -0.130786, 0, 0.130786, 0.991411, 0, 0, 0, 1, 1.89678, 1.25495, -12.7163)
use_collision = true
size = Vector3(1.1236, 3.51535, 6.43262)

[node name="CSGBox3D7" type="CSGBox3D" parent="Level"]
transform = Transform3D(0.899169, -0.437602, 0, 0.437602, 0.899169, 0, 0, 0, 1, 0.894112, 3.94591, -10)
use_collision = true
size = Vector3(1.62891, 2.74364, 1)

[node name="CSGBox3D8" type="CSGBox3D" parent="Level"]
transform = Transform3D(0.648598, -0.761131, 0, 0.761131, 0.648598, 0, 0, 0, 1, -0.946801, 4.33686, -10)
use_collision = true
size = Vector3(1.62891, 3.03601, 1)

[node name="CSGBox3D6" type="CSGBox3D" parent="Level"]
transform = Transform3D(0.986426, 0.164204, 0, -0.164204, 0.986426, 0, 0, 0, 1, -1.73943, 0.825499, -13.0695)
use_collision = true
size = Vector3(1, 3.03601, 7.13892)

[node name="CSGBox3D9" type="CSGBox3D" parent="Level"]
transform = Transform3D(0.8841, 0.467297, 0, -0.467297, 0.8841, 0, 0, 0, 1, -1.32003, 2.5697, -10)
use_collision = true
size = Vector3(1, 3.03601, 1)

[node name="CSGBox3D22" type="CSGBox3D" parent="Level"]
transform = Transform3D(1, 0, 0, 0, 0.983581, 0.180468, 0, -0.180468, 0.983581, 0, -0.214842, -10.026)
use_collision = true
size = Vector3(3, 1, 13.4507)

[node name="CSGBox3D2" type="CSGBox3D" parent="Level"]
transform = Transform3D(0.707102, -0.00246826, 0.707107, 0.00349065, 0.999994, 0, -0.707102, 0.00246826, 0.707107, -0.910948, 5.99835, 2.29615)
use_collision = true
size = Vector3(1, 11, 1)

[node name="CSGBox3D3" type="CSGBox3D" parent="Level"]
transform = Transform3D(0.426777, -0.183013, 0.885646, 0.683013, 0.707107, -0.183013, -0.592752, 0.683013, 0.426777, 3.40599, 1.87117, -1.64916)
use_collision = true
size = Vector3(2, 1.97266, 1)

[node name="CSGBox3D11" type="CSGBox3D" parent="Level"]
transform = Transform3D(0.045154, -0.500887, 0.864334, 0.804118, 0.531606, 0.266061, -0.592752, 0.683013, 0.426777, 3.38694, 1.44553, -0.712979)
use_collision = true
size = Vector3(1.3739, 1.31836, 1)

[node name="CSGBox3D12" type="CSGBox3D" parent="Level"]
transform = Transform3D(-0.720691, 0.693161, -0.0114859, 0.65156, 0.671593, -0.352749, -0.236798, -0.261707, -0.935647, -0.385608, 1.478, 3.11074)
use_collision = true
size = Vector3(1.84595, 1.80054, 1)

[node name="CSGBox3D19" type="CSGBox3D" parent="Level"]
transform = Transform3D(-0.591304, 0.623612, 0.511339, 0.677567, 0.728022, -0.104343, -0.437336, 0.284768, -0.853021, -1.64076, 1.45376, 2.50065)
use_collision = true
size = Vector3(1.28845, 2.53875, 1)

[node name="CSGBox3D13" type="CSGBox3D" parent="Level"]
transform = Transform3D(-0.315425, 0.60148, -0.733981, 0.830795, 0.548804, 0.0927018, 0.45857, -0.580548, -0.672813, 0.343123, 1.13052, 2.37273)
use_collision = true
size = Vector3(1.3739, 1.31836, 1)

[node name="CSGBox3D14" type="CSGBox3D" parent="Level"]
transform = Transform3D(-0.599253, 0.516214, -0.611899, 0.787204, 0.518995, -0.333098, 0.145623, -0.681299, -0.717375, -2.90535, 1.62712, -2.92749)
use_collision = true
size = Vector3(1.3739, 1.31836, 1)

[node name="CSGBox3D21" type="CSGBox3D" parent="Level"]
transform = Transform3D(0.109117, -0.648834, -0.753065, 0.787204, 0.518995, -0.333098, 0.606962, -0.55647, 0.567396, -3.77209, 1.62712, 0.816915)
use_collision = true
size = Vector3(1.3739, 1.31836, 1)

[node name="CSGBox3D20" type="CSGBox3D" parent="Level"]
transform = Transform3D(-0.20649, -0.287132, -0.93537, 0.787204, 0.518995, -0.333098, 0.581095, -0.805109, 0.118864, -3.81794, 1.68064, 1.87787)
use_collision = true
size = Vector3(2.16656, 1.86035, 1)

[node name="CSGBox3D4" type="CSGBox3D" parent="Level"]
transform = Transform3D(0.426777, -0.183013, 0.885646, 0.683013, 0.707107, -0.183013, -0.592752, 0.683013, 0.426777, -3.59401, 1.87117, -1.64916)
use_collision = true
size = Vector3(2, 1.97266, 1)

[node name="CSGPolygon3D" type="CSGPolygon3D" parent="Level"]
transform = Transform3D(0.707107, 0, 0.707107, 0, 1, 0, -0.707107, 0, 0.707107, -0.340204, 1, 2.449)
use_collision = true
polygon = PackedVector2Array(0, 0, -0.0188363, 9.00306, 0.700557, 3.97813, 1, 0, 1, 0)

[node name="Area3D" type="Area3D" parent="."]
transform = Transform3D(1, 0, 0, 0, 1, 0, 0, 0, 1, 0, 0, -12.5642)

[node name="CollisionShape3D" type="CollisionShape3D" parent="Area3D"]
transform = Transform3D(1, 0, 0, 0, 1, 0, 0, 0, 1, 0, 0.830476, 0.868394)
shape = SubResource("BoxShape3D_sjb42")

[connection signal="body_entered" from="Area3D" to="." method="_on_area_3d_body_entered"]
[connection signal="body_entered" from="Area3D" to="Area3D" method="_on_body_entered"]
