[gd_scene load_steps=4 format=3 uid="uid://biu0tg8fneht0"]

[ext_resource type="Script" uid="uid://d1cki4iauvdqt" path="res://scripts/scenes/level_2.gd" id="1_p1d34"]
[ext_resource type="PackedScene" uid="uid://duydi7lytqxks" path="res://scenes/enviornment/CaveEnv.tscn" id="1_raxm7"]

[sub_resource type="BoxShape3D" id="BoxShape3D_qyb5k"]
size = Vector3(9, 6, 1)

[node name="Level2" type="Node3D"]
script = ExtResource("1_p1d34")

[node name="CaveEnv" parent="." instance=ExtResource("1_raxm7")]

[node name="ForegroundBottom" type="Node" parent="."]

[node name="CSGBox3D7" type="CSGBox3D" parent="ForegroundBottom"]
transform = Transform3D(0.211071, -0.788929, 0.577096, 0.577096, 0.577097, 0.577857, -0.788929, 0.211071, 0.577096, 3.92493, 6.07565, 7.83271)
size = Vector3(3.49292, 2.74364, 1)

[node name="CSGBox3D16" type="CSGBox3D" parent="ForegroundBottom"]
transform = Transform3D(0.211071, -0.788929, 0.577096, 0.577096, 0.577097, 0.577857, -0.788929, 0.211071, 0.577096, 10.6346, 7.74952, 13.3094)
size = Vector3(7.37, 9.08666, 1)

[node name="CSGBox3D9" type="CSGBox3D" parent="ForegroundBottom"]
transform = Transform3D(0.211071, -0.788929, 0.577096, 0.577096, 0.577097, 0.577857, -0.788929, 0.211071, 0.577096, 8.24428, 5.59861, 3.99102)
size = Vector3(5.19421, 4.55004, 1)

[node name="CSGBox3D17" type="CSGBox3D" parent="ForegroundBottom"]
transform = Transform3D(0.211071, -0.788929, 0.577096, 0.577096, 0.577097, 0.577857, -0.788929, 0.211071, 0.577096, 16.3804, 7.64711, 7.66623)
size = Vector3(5.19421, 13.4718, 1)

[node name="CSGBox3D10" type="CSGBox3D" parent="ForegroundBottom"]
transform = Transform3D(0.668222, -0.469509, 0.577096, 0.0721386, 0.812943, 0.577858, -0.740456, -0.344507, 0.577096, 0.934401, 6.70174, 10.1963)
size = Vector3(5.19421, 6.93603, 1)

[node name="CSGBox3D11" type="CSGBox3D" parent="ForegroundBottom"]
transform = Transform3D(0.73821, -0.349294, 0.577096, -0.0668731, 0.813393, 0.577858, -0.671249, -0.465172, 0.577096, 10.3608, 6.83121, 0.64032)
size = Vector3(5.19421, 6.48331, 1)

[node name="CSGBox3D8" type="CSGBox3D" parent="ForegroundBottom"]
transform = Transform3D(0.211071, -0.788929, 0.577096, 0.577096, 0.577097, 0.577857, -0.788929, 0.211071, 0.577096, 5.77028, 5.47588, 6.58792)
size = Vector3(3.49292, 2.74364, 1)

[node name="CSGBox3D15" type="CSGBox3D" parent="ForegroundBottom"]
transform = Transform3D(0.211071, -0.788929, 0.577096, 0.577096, 0.577097, 0.577857, -0.788929, 0.211071, 0.577096, 10.387, 10.0987, 11.2047)
size = Vector3(3.49292, 2.74364, 1)

[node name="Cave" type="Node" parent="."]

[node name="CSGBox3D2" type="CSGBox3D" parent="Cave"]
transform = Transform3D(0.707107, 0, 0.707107, 0, 1, 0, -0.707107, 0, 0.707107, -1.34207, 34, -20.4035)
use_collision = true
size = Vector3(41.9968, 1, 47.6527)

[node name="CSGBox3D5" type="CSGBox3D" parent="Cave"]
transform = Transform3D(-0.664257, 0.0876282, -0.74235, 0.130786, 0.991411, 0, 0.735974, -0.097089, -0.670012, 8.24427, 2.00462, 9.8174)
use_collision = true
size = Vector3(1.1236, 3.51535, 9)

[node name="CSGBox3D12" type="CSGBox3D" parent="Cave"]
transform = Transform3D(-0.602454, 0.293199, -0.74235, 0.437602, 0.899169, 0, 0.667498, -0.324854, -0.670012, 8.26797, 4.37638, 9.32949)
use_collision = true
size = Vector3(1.62891, 2.74364, 9)

[node name="CSGBox3D13" type="CSGBox3D" parent="Cave"]
transform = Transform3D(-0.434569, 0.509967, -0.74235, 0.761131, 0.648598, 0, 0.481487, -0.565026, -0.670012, 8.99261, 4.25397, 8.28866)
use_collision = true
size = Vector3(1.62891, 1.8183, 9)

[node name="CSGBox3D6" type="CSGBox3D" parent="Cave"]
transform = Transform3D(-0.660917, -0.110019, -0.74235, -0.164204, 0.986426, 0, 0.732274, 0.121897, -0.670012, 9.96378, 1.55941, 7.8695)
use_collision = true
size = Vector3(1, 3.03601, 9)

[node name="CSGBox3D14" type="CSGBox3D" parent="Cave"]
transform = Transform3D(-0.592358, -0.313095, -0.74235, -0.467297, 0.8841, 0, 0.656312, 0.346898, -0.670012, 9.45788, 3.16287, 7.86426)
use_collision = true
size = Vector3(1, 3.03601, 9)

[node name="CSGBox3D" type="CSGBox3D" parent="."]
transform = Transform3D(0.707107, 0, 0.707107, 0, 1, 0, -0.707107, 0, 0.707107, -2.96895, 1, -2.76184)
use_collision = true
size = Vector3(6, 1, 40.6025)

[node name="OmniLight3D2" type="OmniLight3D" parent="."]
transform = Transform3D(1, 0, 0, 0, 1, 0, 0, 0, 1, 11.0405, 2.32083, 10.9817)
light_color = Color(0.314773, 0.474335, 0.923773, 1)
light_energy = 12.942
light_specular = 0.0
shadow_enabled = true
omni_range = 20.9488

[node name="Area3D" type="Area3D" parent="."]
transform = Transform3D(1, 0, 0, 0, 1, 0, 0, 0, 1, 3, 0, 3)

[node name="CollisionShape3D" type="CollisionShape3D" parent="Area3D"]
transform = Transform3D(0.707107, 0, 0.707107, 0, 1, 0, -0.707107, 0, 0.707107, 0, 2.5, 0)
shape = SubResource("BoxShape3D_qyb5k")

[node name="SpotLight3D" type="SpotLight3D" parent="."]
transform = Transform3D(1, 0, 0, 0, -4.37114e-08, 1, 0, -1, -4.37114e-08, -7.82702, 16.8481, -7.66728)
light_color = Color(0.252028, 0.252028, 0.252028, 1)
spot_range = 41.64
spot_angle = 47.0548
spot_angle_attenuation = 0.026278

[connection signal="body_entered" from="Area3D" to="." method="_on_area_3d_body_entered"]
