[gd_scene load_steps=32 format=3 uid="uid://duo44b2ivhol"]

[ext_resource type="Script" uid="uid://ccc84jhoxhk8n" path="res://scripts/scenes/level_4_3.gd" id="1_kcjfs"]
[ext_resource type="PackedScene" uid="uid://cehpvnetgof0c" path="res://assets/model/house/roof.blend" id="2_c5to3"]
[ext_resource type="PackedScene" uid="uid://frjikjhvgs4c" path="res://scenes/items/relic_4.tscn" id="3_4mv1t"]
[ext_resource type="PackedScene" uid="uid://c8k8dm81jp0pu" path="res://assets/model/enviornment/mushroom_gray.blend" id="5_aokp7"]
[ext_resource type="PackedScene" uid="uid://bx27rmfnckyq8" path="res://scenes/enviornment/sign.tscn" id="5_pt5ad"]

[sub_resource type="StandardMaterial3D" id="StandardMaterial3D_tqtpy"]
albedo_color = Color(0.36889374, 0.2971463, 0.12813208, 1)

[sub_resource type="StandardMaterial3D" id="StandardMaterial3D_c5to3"]
albedo_color = Color(0, 0, 0, 1)

[sub_resource type="StandardMaterial3D" id="StandardMaterial3D_aokp7"]
albedo_color = Color(0.40713432, 0.43233603, 0.3049225, 1)

[sub_resource type="StandardMaterial3D" id="StandardMaterial3D_gcb43"]
albedo_color = Color(0.15125465, 0.20621714, 0.17351836, 1)

[sub_resource type="StandardMaterial3D" id="StandardMaterial3D_5xhxx"]
albedo_color = Color(0.2509804, 0.21960784, 0.15294118, 1)

[sub_resource type="StandardMaterial3D" id="StandardMaterial3D_yxi7k"]
albedo_color = Color(0.26183373, 0.21803322, 0.1146811, 1)

[sub_resource type="StandardMaterial3D" id="StandardMaterial3D_me0ts"]
albedo_color = Color(0.32544088, 0.3254409, 0.32544088, 1)

[sub_resource type="StandardMaterial3D" id="StandardMaterial3D_4mv1t"]
albedo_color = Color(0.12373423, 0.2049301, 0.1599713, 1)

[sub_resource type="StandardMaterial3D" id="StandardMaterial3D_gujym"]
albedo_color = Color(0.1372698, 0.2814771, 0.38791713, 1)

[sub_resource type="StandardMaterial3D" id="StandardMaterial3D_pt5ad"]
albedo_color = Color(0.25967035, 0.23319721, 0.14718246, 1)

[sub_resource type="BoxShape3D" id="BoxShape3D_c5to3"]
size = Vector3(5.9630127, 3, 5.9074707)

[sub_resource type="CylinderShape3D" id="CylinderShape3D_c5to3"]
height = 3.234375
radius = 2.0839844

[sub_resource type="StandardMaterial3D" id="StandardMaterial3D_nguaj"]
albedo_color = Color(0.2509804, 0.21960784, 0.15294118, 1)

[sub_resource type="StandardMaterial3D" id="StandardMaterial3D_eu2qr"]
albedo_color = Color(0.85727096, 0.23917165, 0.15393436, 1)

[sub_resource type="StandardMaterial3D" id="StandardMaterial3D_5snh7"]
albedo_color = Color(0.99321634, 0.76977855, 0.72590595, 1)

[sub_resource type="StandardMaterial3D" id="StandardMaterial3D_u3h5t"]
albedo_color = Color(0.5078381, 0.47781068, 0.32108614, 1)

[sub_resource type="StandardMaterial3D" id="StandardMaterial3D_647fq"]
albedo_color = Color(0.08690407, 0.27373686, 0.43247482, 1)

[sub_resource type="StandardMaterial3D" id="StandardMaterial3D_1da3c"]
albedo_color = Color(0.29954746, 0.29954746, 0.29954743, 1)

[sub_resource type="CylinderMesh" id="CylinderMesh_gujym"]
material = SubResource("StandardMaterial3D_1da3c")
top_radius = 0.4
bottom_radius = 0.3
height = 0.651
radial_segments = 8
rings = 3

[sub_resource type="ConvexPolygonShape3D" id="ConvexPolygonShape3D_4mv1t"]
points = PackedVector3Array(-0.38814533, 0.3136775, -0.024240078, 0.388146, 0.31368306, 0.024240507, 0.3629851, 0.31295097, 0.084682725, 0.024246763, -0.31718817, -0.29122862, -0.024252785, -0.31718585, 0.2912265, 0.024236897, 0.31367883, -0.38814685, -0.024242919, 0.31367654, 0.38814402, 0.2912154, -0.31726193, -0.024255719, -0.21676551, -0.3149304, -0.20476353, -0.21676631, -0.31493157, 0.2047643, 0.28187573, 0.31699014, -0.28188097, 0.21714601, -0.27908584, 0.21715075, -0.2818287, 0.31701678, 0.28190455, -0.28182867, 0.31701675, -0.28190452, 0.28187573, 0.31699014, 0.28188097, -0.30046707, -0.29017857, 0.011973468, 0.21679267, -0.31486955, -0.20472376, -0.011976462, -0.2901782, -0.3004659, 0.011995357, 0.26324445, 0.3854628, 0.38813746, 0.31367612, -0.024239974, -0.38813677, 0.31367055, 0.024239544, -0.024242384, 0.31366956, -0.38813546, 0.2912139, -0.31726032, 0.024255594, 0.02424689, -0.31718978, 0.29123014, -0.2912149, -0.31725472, -0.024255164, 0.20471746, -0.31486702, 0.21679567, -0.20472215, -0.31486472, -0.21679407, 0.2047167, -0.31486586, -0.21679485, -0.20472139, -0.31486356, 0.21679325, 0.3484666, 0.022286288, -0.011969564, 0.024236362, 0.3136719, 0.3881383, -0.0119763985, -0.2901767, 0.3004643)

[sub_resource type="StandardMaterial3D" id="StandardMaterial3D_twdl6"]
albedo_color = Color(0.07683582, 0.07683582, 0.0768358, 1)

[sub_resource type="CylinderMesh" id="CylinderMesh_647fq"]
material = SubResource("StandardMaterial3D_twdl6")
top_radius = 0.38
bottom_radius = 0.3
height = 0.1
radial_segments = 8
rings = 3

[sub_resource type="StandardMaterial3D" id="StandardMaterial3D_mbbt2"]
albedo_color = Color(0.023388224, 0.10443675, 0.20358852, 1)

[sub_resource type="CylinderMesh" id="CylinderMesh_4mv1t"]
material = SubResource("StandardMaterial3D_u3h5t")
top_radius = 0.53
bottom_radius = 0.53
height = 0.15

[sub_resource type="ConvexPolygonShape3D" id="ConvexPolygonShape3D_twdl6"]
points = PackedVector3Array(-0.48447457, -0.074999996, -0.09078598, 0.4754299, 0.074999996, 0.08907304, 0.48457184, -0.074999996, 0.09078598, -0.09072835, -0.074999996, 0.4845714, -0.29701814, 0.074999996, -0.3862624, -0.29701814, 0.074999996, 0.3862624, 0.19677946, -0.074999996, -0.4542145, 0.29711536, 0.074999996, -0.3862624, 0.25244367, 0.074999996, 0.4159534, -0.15124632, -0.074999996, -0.46939293, -0.47533262, 0.074999996, 0.08907304, -0.42386177, -0.074999996, 0.25736925, 0.48599133, -0.047879744, -0.21061644, 0.3028282, -0.074999996, 0.39369053, 0.08901973, 0.074999996, -0.47542852, 0.08901973, 0.074999996, 0.47542852, 0.48599133, -0.06408833, 0.21061644, -0.3936028, -0.074999996, -0.3028097, -0.4456446, 0.074999996, -0.1931312, 0.4456487, 0.074999996, -0.1931312, 0.15134355, -0.074999996, 0.46939293, 0.38617954, 0.074999996, 0.29709628, -0.30273098, -0.074999996, 0.39369053, -0.1483917, 0.074999996, 0.46053645, 0.39360514, -0.074999996, -0.3028097, -0.08901557, 0.074999996, -0.47542852, -0.3861754, 0.074999996, 0.29709628, 0.09073072, -0.074999996, -0.4845714, -0.48447457, -0.074999996, 0.09078598, -0.30273098, -0.074999996, -0.39369053, -0.47533262, 0.074999996, -0.08907304, -0.4456446, 0.074999996, 0.1931312)

[sub_resource type="BoxShape3D" id="BoxShape3D_4mv1t"]
size = Vector3(7.84, 3.8953857, 1)

[node name="Level4_3" type="Node3D"]
script = ExtResource("1_kcjfs")

[node name="TopSideForeground" type="CSGPolygon3D" parent="."]
transform = Transform3D(0.707107, -0.408607, 0.577096, 0, 0.816138, 0.577858, -0.707107, -0.408607, 0.577096, -6.9950714, 7.3271313, -33.203945)
polygon = PackedVector2Array(-26.89331, -2.7742558, -26.689636, 0.13417816, -25.371851, 0.541832, -22.162546, 3.744255, -19.13192, 0.42105484, -18.518087, 1.3829384, -15.581707, 2.3897572, -15.255001, 3.2136955, -15.458054, 4.8002605, -13.612678, 3.3015537, -12.847094, 2.308241, -9.686434, 3.7006702, -8.658106, 0.5219383, -6.643383, -0.83244705, -6.0332355, -0.26789284, -5.3999395, 0.4783039, -4.5500956, -2.0739613, -3.4414034, -0.68328667, 3.0017967, 0.13050842, 3.3668156, 17.221483, -35.434837, 17.429962, -36.016624, 1.5657043, -31.035538, -0.04573822)

[node name="CSGPolygon3D4" type="CSGPolygon3D" parent="."]
transform = Transform3D(1, 0, 0, 0, -4.37114e-08, 1, 0, -1, -4.37114e-08, -24, -1.04907e-06, -24)
use_collision = true
polygon = PackedVector2Array(-9.12218, -5.50803, 0.604877, -4.22815, 7.77218, -1.92437, 12.1238, 4.34702, 12.8917, 11.3863, 11.8678, 15.8659, 7.90017, 14.714, 5.72438, 10.2345, -1.44293, 7.80269, -5.02658, 3.5791, -8.48225, 1.27532, -12.0659, -2.6923, -10.914, -5.63601)
depth = 1.85

[node name="DrawBridge" type="Node3D" parent="."]
transform = Transform3D(0.95180875, 0, 0.3066922, 0, 1, 0, -0.3066922, 0, 0.95180875, -25.219475, -0.5, -19.19378)

[node name="CSGPolygon3D3" type="CSGPolygon3D" parent="DrawBridge"]
polygon = PackedVector2Array(-0.59804344, 0.107899666, -0.02677536, 5.0968328, -0.0023345947, 5.939989, 0.21676636, 5.5867615, 0.3912468, 5.7557755, 0.684782, 4.157042, 0.9191952, 3.3572834, 0.85697937, 1.8625965, 0.9543648, 0.011973381)

[node name="CSGPolygon3D2" type="CSGPolygon3D" parent="DrawBridge"]
transform = Transform3D(1, 0, 0, 0, 1, 0, 0, 0, 1, 3.4376125, 0, -5.2154064e-08)
polygon = PackedVector2Array(-0.5443783, 0.02773714, -0.49066067, 2.92389, -0.29946518, 4.3506136, -0.17405796, 5.593999, -0.013228416, 5.4073353, 0.2059946, 6.105523, 0.3387537, 5.851143, 0.6334162, 5.6678743, 0.85761166, 3.6581755, 0.8661556, 2.4924297, 1.1973639, -0.019692898, -0.15130329, -0.15074635)

[node name="House" type="Node3D" parent="."]
transform = Transform3D(1, 0, 0, 0, 1, 0, 0, 0, 1, -22, 1, -29)

[node name="HiddenSides" type="Node3D" parent="House"]

[node name="CSGBox3D4" type="CSGBox3D" parent="House/HiddenSides"]
transform = Transform3D(1, 0, 0, 0, 1, 0, 0, 0, 1, 2.4359741, 1, -0.5)
use_collision = true
size = Vector3(0.12805176, 3, 6)
material = SubResource("StandardMaterial3D_tqtpy")

[node name="CSGBox3D3" type="CSGBox3D" parent="House/HiddenSides"]
transform = Transform3D(1, 0, 0, 0, 1, 0, 0, 0, 1, 2.071289, 1, 2.4418335)
use_collision = true
size = Vector3(0.8574219, 3, 0.11633301)
material = SubResource("StandardMaterial3D_tqtpy")

[node name="CSGBox3D7" type="CSGBox3D" parent="House/HiddenSides"]
transform = Transform3D(1, 0, 0, 0, 1, 0, 0, 0, 1, 0.99700165, 2, 2.4418335)
use_collision = true
size = Vector3(1.3003693, 1, 0.11633301)
material = SubResource("StandardMaterial3D_tqtpy")

[node name="CSGBox3D6" type="CSGBox3D" parent="House/HiddenSides"]
transform = Transform3D(1, 0, 0, 0, 1, 0, 0, 0, 1, -1.5651855, 1, 2.4418335)
use_collision = true
size = Vector3(3.869629, 3, 0.11633301)
material = SubResource("StandardMaterial3D_tqtpy")

[node name="DoorShadow" type="CSGBox3D" parent="House/HiddenSides"]
transform = Transform3D(1, 0, 0, 0, 1, 0, 0, 0, 1, 1.0009518, 0.5, 2.414833)
size = Vector3(0.98950195, 2, 0.119277954)
material = SubResource("StandardMaterial3D_c5to3")

[node name="Node3DDoorSwivel" type="Node3D" parent="House/HiddenSides"]
transform = Transform3D(0.949535, 0, -0.31366104, 0, 1, 0, 0.31366104, 0, 0.949535, 0.56544113, 0, 2.4059048)

[node name="DoorShadow2" type="CSGBox3D" parent="House/HiddenSides/Node3DDoorSwivel"]
transform = Transform3D(1, 0, 0, 0, 1, 0, 0, 0, 1, 0.49913597, 0.46655273, 0.011365887)
size = Vector3(1.0266724, 1.9331055, 0.119277954)
material = SubResource("StandardMaterial3D_aokp7")

[node name="roof" parent="House/HiddenSides" instance=ExtResource("2_c5to3")]
transform = Transform3D(1.0458409, 0, 0, 0, 1, 0, 0, 0, 1, -0.5, 3.5, -0.5)

[node name="CSGBox3D18" type="CSGBox3D" parent="House/HiddenSides"]
transform = Transform3D(-0.019791126, -0.69359356, -0.7200963, -0.21065165, -0.7011763, 0.6811603, -0.9773616, 0.16517115, -0.1322295, 2.817047, -0.2898686, -2.575552)
use_collision = true
size = Vector3(0.832245, 1.1261, 0.706543)

[node name="CSGBox3D30" type="CSGBox3D" parent="House/HiddenSides"]
transform = Transform3D(0.38231707, -0.87929976, 0.28401807, 0.58602357, -0.006917376, -0.8102643, 0.7144307, 0.47621897, 0.5126443, 2.7429733, -0.3105085, -1.9239063)
use_collision = true
size = Vector3(1.21527, 1.31836, 0.828613)

[node name="CSGBox3D33" type="CSGBox3D" parent="House/HiddenSides"]
transform = Transform3D(0.113649085, -0.4535889, 0.8839349, 0.71492094, -0.58047676, -0.3897884, 0.689907, 0.6762423, 0.2583084, -1.5877991, -0.37238932, 2.6691608)
use_collision = true
size = Vector3(1.3739, 1.0888674, 1)

[node name="CSGBox3D34" type="CSGBox3D" parent="House/HiddenSides"]
transform = Transform3D(-0.737489, -0.4767479, 0.4783525, 0.44802853, -0.87536263, -0.18168862, 0.50535107, 0.08032127, 0.8591664, -2.221836, -0.77270484, 2.8224773)
use_collision = true
size = Vector3(1.3739, 1.1539308, 1)

[node name="CSGBox3D35" type="CSGBox3D" parent="House/HiddenSides"]
transform = Transform3D(-0.700435, -0.21739838, -0.6797991, 0.4480286, -0.87536275, -0.18168864, -0.5555723, -0.431831, 0.7105359, -0.46357155, -0.8120962, 2.606413)
use_collision = true
size = Vector3(1.5497429, 1.1539308, 1)

[node name="CSGBox3D36" type="CSGBox3D" parent="House/HiddenSides"]
transform = Transform3D(-0.5560122, -0.43196747, 0.7101087, 0.4480286, -0.87536275, -0.18168862, 0.7000858, 0.21712701, 0.6802454, 2.4206352, -0.8120962, 1.9889183)
use_collision = true
size = Vector3(1.5497429, 1.1539308, 1)

[node name="CSGBox3D37" type="CSGBox3D" parent="House/HiddenSides"]
transform = Transform3D(-0.29645735, 0.8851668, 0.35859835, 0.78400755, 0.011138512, 0.62065053, 0.545385, 0.4651406, -0.69727993, 2.4199314, -0.8120962, 0.9822273)
use_collision = true
size = Vector3(1.5497429, 1.1539308, 1)

[node name="Window" type="Node3D" parent="House/HiddenSides"]
transform = Transform3D(1, 0, 0, 0, 1, 0, 0, 0, 1, 5.8472404, 0.21763754, 0.39808846)

[node name="CSGBox3D3" type="CSGBox3D" parent="House/HiddenSides/Window"]
transform = Transform3D(1, 0, 0, 0, 1, 0, 0, 0, 1, -3.4206982, 0.88562727, -0.7016392)
size = Vector3(0.29322052, 1.1107178, 2.1449013)
material = SubResource("StandardMaterial3D_gcb43")

[node name="CSGBox3D4" type="CSGBox3D" parent="House/HiddenSides/Window"]
transform = Transform3D(1, 0, 0, 0, 1, 0, 0, 0, 1, -3.3692837, 0.363945, -0.7143669)
size = Vector3(0.40930557, 0.1278534, 2.3113718)
material = SubResource("StandardMaterial3D_5xhxx")

[node name="CSGBox3D6" type="CSGBox3D" parent="House/HiddenSides/Window"]
transform = Transform3D(1, 0, 0, 0, 1, 0, 0, 0, 1, -3.4017868, 0.9398308, 0.35383034)
size = Vector3(0.34430122, 1.2796249, 0.10895932)
material = SubResource("StandardMaterial3D_yxi7k")

[node name="CSGBox3D9" type="CSGBox3D" parent="House/HiddenSides/Window"]
transform = Transform3D(1, 0, 0, 0, 1, 0, 0, 0, 1, -3.4135284, 0.42782664, -0.6909523)
size = Vector3(0.32081652, 0.17683935, 2.1985226)
material = SubResource("StandardMaterial3D_yxi7k")

[node name="CSGBox3D10" type="CSGBox3D" parent="House/HiddenSides/Window"]
transform = Transform3D(1, 0, 0, 0, 1, 0, 0, 0, 1, -3.4194527, 0.96855736, -0.22117043)
size = Vector3(0.30896783, 1.0750326, 0.031632602)
material = SubResource("StandardMaterial3D_me0ts")

[node name="CSGBox3D13" type="CSGBox3D" parent="House/HiddenSides/Window"]
transform = Transform3D(1, 0, 0, 0, 1, 0, 0, 0, 1, -3.4194527, 0.96855736, -0.76343536)
size = Vector3(0.30896783, 1.0750326, 0.031632602)
material = SubResource("StandardMaterial3D_me0ts")

[node name="CSGBox3D11" type="CSGBox3D" parent="House/HiddenSides/Window"]
transform = Transform3D(1, 0, 0, 0, 1, 0, 0, 0, 1, -3.4194527, 0.96855736, -1.2624588)
size = Vector3(0.30896783, 1.0750326, 0.031632602)
material = SubResource("StandardMaterial3D_me0ts")

[node name="CSGBox3D12" type="CSGBox3D" parent="House/HiddenSides/Window"]
transform = Transform3D(1, 0, 0, 0, -4.371139e-08, -1, 0, 1, -4.371139e-08, -3.4194527, 0.96855736, -0.72244644)
size = Vector3(0.30896783, 2.1037192, 0.031632602)
material = SubResource("StandardMaterial3D_me0ts")

[node name="CSGBox3D8" type="CSGBox3D" parent="House/HiddenSides/Window"]
transform = Transform3D(1, 0, 0, 0, 1, 0, 0, 0, 1, -3.4017868, 1.5122395, -0.70448303)
size = Vector3(0.34430122, 0.13480759, 2.225586)
material = SubResource("StandardMaterial3D_yxi7k")

[node name="CSGBox3D7" type="CSGBox3D" parent="House/HiddenSides/Window"]
transform = Transform3D(1, 0, 0, 0, 1, 0, 0, 0, 1, -3.4017868, 0.9398308, -1.7672005)
size = Vector3(0.34430122, 1.2796249, 0.10895932)
material = SubResource("StandardMaterial3D_yxi7k")

[node name="HouseTopSideForeground" type="CSGPolygon3D" parent="House"]
transform = Transform3D(0.707107, -0.408607, 0.577096, 0, 0.816138, 0.577858, -0.707107, -0.408607, 0.577096, 13.376636, 8.1794195, -4.832237)
visible = false
polygon = PackedVector2Array(-16.785927, -0.54395866, -12.896373, 1.7171497, -8.628917, -0.72826576, -8.642101, -3.1873283, -12.616216, -5.4699783, -16.79967, -3.026764, -16.81436, -0.54268074, -32.670174, -6.4221687, -13.744713, -12.311568, 8.001747, -8.265663, 7.7209587, 10.942383, -11.709539, 16.582558, -36.802757, 10.727295, -33.68724, -5.382263, -28.988346, -8.051739)

[node name="Relic4" parent="House" instance=ExtResource("3_4mv1t")]
transform = Transform3D(1, 0, 0, 0, 1, 0, 0, 0, 1, -0.9615593, 0.37872505, -1.7029762)

[node name="Wall2" type="CSGBox3D" parent="House"]
transform = Transform3D(1, 0, 0, 0, 1, 0, 0, 0, 1, -3.4389038, 1, -0.5)
use_collision = true
size = Vector3(0.12219238, 3, 6)
material = SubResource("StandardMaterial3D_tqtpy")

[node name="Wall" type="CSGBox3D" parent="House"]
transform = Transform3D(1, 0, 0, 0, 1, 0, 0, 0, 1, -0.5, 1, -3.4243164)
use_collision = true
size = Vector3(6, 3, 0.15136719)
material = SubResource("StandardMaterial3D_tqtpy")

[node name="Floor" type="CSGBox3D" parent="House"]
transform = Transform3D(1, 0, 0, 0, 1, 0, 0, 0, 1, -0.5, -0.5321028, -0.5)
use_collision = true
size = Vector3(6, 0.056640625, 6)
material = SubResource("StandardMaterial3D_4mv1t")

[node name="Floor2" type="CSGBox3D" parent="House"]
transform = Transform3D(0.9600596, 0, 0.27979547, 0.0040188613, 0.9998968, -0.01378988, -0.27976662, 0.0143635655, 0.9599605, -0.28606224, -0.4964741, -0.41646957)
size = Vector3(3.435608, 0.056640625, 2.3261032)
material = SubResource("StandardMaterial3D_gujym")

[node name="Frame" type="Node3D" parent="House"]

[node name="Frame3" type="CSGBox3D" parent="House/Frame"]
transform = Transform3D(1, 0, 0, 0, 1, 0, 0, 0, 1, 0.44831848, 0.5, 2.437851)
size = Vector3(0.18066406, 2, 0.1987915)
material = SubResource("StandardMaterial3D_pt5ad")

[node name="Frame2" type="CSGBox3D" parent="House/Frame"]
transform = Transform3D(1, 0, 0, 0, 1, 0, 0, 0, 1, 1.0052032, 1.5175087, 2.437851)
size = Vector3(1.2944336, 0.18273926, 0.1987915)
material = SubResource("StandardMaterial3D_pt5ad")

[node name="Frame" type="CSGBox3D" parent="House/Frame"]
transform = Transform3D(1, 0, 0, 0, 1, 0, 0, 0, 1, 1.5606995, 0.5, 2.437851)
size = Vector3(0.18066406, 2, 0.1987915)
material = SubResource("StandardMaterial3D_pt5ad")

[node name="Area3DHouse" type="Area3D" parent="House"]

[node name="CollisionShape3D" type="CollisionShape3D" parent="House/Area3DHouse"]
transform = Transform3D(1, 0, 0, 0, 1, 0, 0, 0, 1, -0.51849365, 1, -0.4991455)
shape = SubResource("BoxShape3D_c5to3")

[node name="Area3DDoor" type="Area3D" parent="House"]
transform = Transform3D(1, 0, 0, 0, 1, 0, 0, 0, 1, 0.7925148, 0, -0.19840431)

[node name="CollisionShape3D" type="CollisionShape3D" parent="House/Area3DDoor"]
transform = Transform3D(1, 0, 0, 0, 1, 0, 0, 0, 1, 1, -0.020507813, 3)
shape = SubResource("CylinderShape3D_c5to3")

[node name="Bed" type="Node3D" parent="House"]
transform = Transform3D(0.9982789, 0, 0.058644302, 0, 1, 0, -0.058644302, 0, 0.9982789, -1.1388664, 4.7683716e-07, -2.2737312)

[node name="CSGBox3D" type="CSGBox3D" parent="House/Bed"]
transform = Transform3D(1, 0, 0, 0, 1, 0, 0, 0, 1, -0.09094238, -0.13482857, 0.08174133)
use_collision = true
size = Vector3(3.2810059, 0.27514648, 1.7445374)
material = SubResource("StandardMaterial3D_nguaj")

[node name="CSGBox3D7" type="CSGPolygon3D" parent="House/Bed"]
transform = Transform3D(-4.371139e-08, 0, -1, 0, 1, 0, 1, 0, -4.371139e-08, -1.8988075, -0.36392474, -0.8972359)
use_collision = true
polygon = PackedVector2Array(0, 1, 0.14692307, 1.1732194, 1.7630711, 1.176131, 2, 1, 2, -1, 0, -1)
depth = 0.2
material = SubResource("StandardMaterial3D_nguaj")

[node name="CSGBox3D3" type="CSGBox3D" parent="House/Bed"]
transform = Transform3D(1, 0, 0, 0, 1, 0, 0, 0, 1, 1.3897095, -0.3775959, 0.82445526)
size = Vector3(0.31970215, 0.2703247, 0.2591095)
material = SubResource("StandardMaterial3D_nguaj")

[node name="CSGBox3D4" type="CSGBox3D" parent="House/Bed"]
transform = Transform3D(1, 0, 0, 0, 1, 0, 0, 0, 1, 1.3897095, -0.3775959, -0.6361313)
size = Vector3(0.31970215, 0.2703247, 0.3087921)
material = SubResource("StandardMaterial3D_nguaj")

[node name="CSGBox3D5" type="CSGBox3D" parent="House/Bed"]
transform = Transform3D(1, 0, 0, 0, 1, 0, 0, 0, 1, -1.5646, -0.3775959, 0.82445526)
size = Vector3(0.31970215, 0.2703247, 0.2591095)
material = SubResource("StandardMaterial3D_nguaj")

[node name="CSGBox3D6" type="CSGBox3D" parent="House/Bed"]
transform = Transform3D(1, 0, 0, 0, 1, 0, 0, 0, 1, -1.5646, -0.3775959, -0.6361313)
size = Vector3(0.31970215, 0.2703247, 0.3087921)
material = SubResource("StandardMaterial3D_nguaj")

[node name="CSGBox3D2" type="CSGBox3D" parent="House/Bed"]
transform = Transform3D(1, 0, 0, 0, 1, 0, 0, 0, 1, -0.08384514, 0.052328467, 0.08456993)
size = Vector3(3.160367, 0.161, 1.6351202)
material = SubResource("StandardMaterial3D_eu2qr")

[node name="CSGBox3D9" type="CSGBox3D" parent="House/Bed"]
transform = Transform3D(1.0000001, 0, 0, 0, 1, 0, 0, 0, 1.0000001, -0.08384514, -0.013802409, 0.08457184)
use_collision = true
size = Vector3(3.160367, 0.161, 1.6351202)
material = SubResource("StandardMaterial3D_eu2qr")

[node name="CSGBox3D8" type="CSGBox3D" parent="House/Bed"]
transform = Transform3D(1, 0, 0, 0, 1, 0, 0, 0, 1, -1.2212353, 0.10118985, 0.10569954)
size = Vector3(0.66770065, 0.25872266, 1.3338047)
material = SubResource("StandardMaterial3D_5snh7")

[node name="Window" type="Node3D" parent="House"]
transform = Transform3D(1, 0, 0, 0, 1, 0, 0, 0, 1, 0, 0.21763754, 1.3078995)

[node name="CSGBox3D3" type="CSGBox3D" parent="House/Window"]
transform = Transform3D(1, 0, 0, 0, 1, 0, 0, 0, 1, -3.4206982, 0.88562727, -0.7016392)
size = Vector3(0.29322052, 1.1107178, 2.1449013)
material = SubResource("StandardMaterial3D_gcb43")

[node name="CSGBox3D4" type="CSGBox3D" parent="House/Window"]
transform = Transform3D(1, 0, 0, 0, 1, 0, 0, 0, 1, -3.3692837, 0.363945, -0.7143669)
size = Vector3(0.40930557, 0.1278534, 2.3113718)
material = SubResource("StandardMaterial3D_5xhxx")

[node name="CSGBox3D6" type="CSGBox3D" parent="House/Window"]
transform = Transform3D(1, 0, 0, 0, 1, 0, 0, 0, 1, -3.4017868, 0.9398308, 0.35383034)
size = Vector3(0.34430122, 1.2796249, 0.10895932)
material = SubResource("StandardMaterial3D_yxi7k")

[node name="CSGBox3D9" type="CSGBox3D" parent="House/Window"]
transform = Transform3D(1, 0, 0, 0, 1, 0, 0, 0, 1, -3.4135284, 0.42782664, -0.6909523)
size = Vector3(0.32081652, 0.17683935, 2.1985226)
material = SubResource("StandardMaterial3D_yxi7k")

[node name="CSGBox3D10" type="CSGBox3D" parent="House/Window"]
transform = Transform3D(1, 0, 0, 0, 1, 0, 0, 0, 1, -3.4194527, 0.96855736, -0.22117043)
size = Vector3(0.30896783, 1.0750326, 0.031632602)
material = SubResource("StandardMaterial3D_me0ts")

[node name="CSGBox3D13" type="CSGBox3D" parent="House/Window"]
transform = Transform3D(1, 0, 0, 0, 1, 0, 0, 0, 1, -3.4194527, 0.96855736, -0.76343536)
size = Vector3(0.30896783, 1.0750326, 0.031632602)
material = SubResource("StandardMaterial3D_me0ts")

[node name="CSGBox3D11" type="CSGBox3D" parent="House/Window"]
transform = Transform3D(1, 0, 0, 0, 1, 0, 0, 0, 1, -3.4194527, 0.96855736, -1.2624588)
size = Vector3(0.30896783, 1.0750326, 0.031632602)
material = SubResource("StandardMaterial3D_me0ts")

[node name="CSGBox3D12" type="CSGBox3D" parent="House/Window"]
transform = Transform3D(1, 0, 0, 0, -4.371139e-08, -1, 0, 1, -4.371139e-08, -3.4194527, 0.96855736, -0.72244644)
size = Vector3(0.30896783, 2.1037192, 0.031632602)
material = SubResource("StandardMaterial3D_me0ts")

[node name="CSGBox3D8" type="CSGBox3D" parent="House/Window"]
transform = Transform3D(1, 0, 0, 0, 1, 0, 0, 0, 1, -3.4017868, 1.5122395, -0.70448303)
size = Vector3(0.34430122, 0.13480759, 2.225586)
material = SubResource("StandardMaterial3D_yxi7k")

[node name="CSGBox3D7" type="CSGBox3D" parent="House/Window"]
transform = Transform3D(1, 0, 0, 0, 1, 0, 0, 0, 1, -3.4017868, 0.9398308, -1.7672005)
size = Vector3(0.34430122, 1.2796249, 0.10895932)
material = SubResource("StandardMaterial3D_yxi7k")

[node name="MiscFurniture" type="Node3D" parent="House"]
transform = Transform3D(1, 0, 0, 0, 1, 0, 0, 0, 1, -1.2568493, 0, 1.7337036)

[node name="CSGBox3D" type="CSGBox3D" parent="House/MiscFurniture"]
transform = Transform3D(0.9972125, 0, 0.074613236, 0, 1, 0, -0.074613236, 0, 0.9972125, 0.43582153, -0.024658203, 0.2224598)
size = Vector3(1.6680908, 0.9506836, 0.70654297)
material = SubResource("StandardMaterial3D_nguaj")

[node name="CSGBox3D2" type="CSGBox3D" parent="House/MiscFurniture"]
transform = Transform3D(0.9972125, 0, 0.074613236, 0, 1, 0, -0.074613236, 0, 0.9972125, 0.43758774, 0.40914917, 0.19025612)
use_collision = true
size = Vector3(1.6764221, 0.16033936, 0.7895508)
material = SubResource("StandardMaterial3D_u3h5t")

[node name="CSGBox3D3" type="CSGBox3D" parent="House/MiscFurniture"]
transform = Transform3D(0.99062663, 0, 0.1365974, 0, 1, 0, -0.1365974, 0, 0.99062663, 0.7015419, 0.418985, 0.18011665)
size = Vector3(0.74531937, 0.16033936, 0.51135254)
material = SubResource("StandardMaterial3D_647fq")

[node name="MeshInstance3D" type="MeshInstance3D" parent="House/MiscFurniture"]
transform = Transform3D(0.99890494, -0.0045275907, -0.046565898, 0.007035268, 0.99852526, 0.053830154, 0.046253532, -0.054098815, 0.9974637, -1.4580078, -0.17773402, -0.13213539)
mesh = SubResource("CylinderMesh_gujym")

[node name="StaticBody3D" type="StaticBody3D" parent="House/MiscFurniture/MeshInstance3D"]

[node name="CollisionShape3D" type="CollisionShape3D" parent="House/MiscFurniture/MeshInstance3D/StaticBody3D"]
shape = SubResource("ConvexPolygonShape3D_4mv1t")

[node name="MeshInstance3D2" type="MeshInstance3D" parent="House/MiscFurniture"]
transform = Transform3D(0.99890494, -0.0045275907, -0.046565898, 0.007035268, 0.99852526, 0.053830154, 0.046253532, -0.054098815, 0.9974637, -1.4592628, 0.09943795, -0.14715004)
mesh = SubResource("CylinderMesh_647fq")

[node name="CSGPolygon3D" type="CSGPolygon3D" parent="House/MiscFurniture"]
transform = Transform3D(1, 0, 0, 0, -4.371139e-08, 1, 0, -1, -4.371139e-08, 0.20578766, 0.5038769, 0.5905628)
polygon = PackedVector2Array(0.81941223, 0.31801224, 0.74666405, 0.2564869, 0.6592579, 0.3136387, 0.59349823, 0.2410698, 0.5260334, 0.31187057, 0.4565239, 0.3335247, 0.4427185, 0.2682438, 0.37273216, 0.31370735, 0.25667763, 0.21330261, 0.18344116, 0.3060379, 0.21469116, 0.30130005, 0.26451302, 0.26514053, 0.37093735, 0.3288784, 0.42736053, 0.30283356, 0.4489956, 0.35332108, 0.5420742, 0.3275833, 0.59534836, 0.26507568, 0.651247, 0.32850075, 0.7398472, 0.28400803, 0.7950306, 0.33612823)
depth = 0.2
material = SubResource("StandardMaterial3D_mbbt2")

[node name="CSGPolygon3D2" type="CSGPolygon3D" parent="House/MiscFurniture"]
transform = Transform3D(1, 0, 0, 0, -4.371139e-08, 1, 0, -1, -4.371139e-08, 0.30531883, 0.5038769, 0.4739132)
polygon = PackedVector2Array(0.6921215, 0.37374878, 0.6133709, 0.22651863, 0.47172546, 0.23197365, 0.41729736, 0.34449196, 0.47968864, 0.45666122, 0.5914612, 0.4691372)
depth = 0.2
material = SubResource("StandardMaterial3D_mbbt2")

[node name="CSGPolygon3D3" type="CSGPolygon3D" parent="House/MiscFurniture"]
transform = Transform3D(1, 0, 0, 0, -4.371139e-08, 1, 0, -1, -4.371139e-08, 0.1891346, 0.5038769, 0.42737198)
polygon = PackedVector2Array(0.6921215, 0.37374878, 0.6133709, 0.22651863, 0.47172546, 0.23197365, 0.41729736, 0.34449196, 0.47968864, 0.45666122, 0.5914612, 0.4691372)
depth = 0.2
material = SubResource("StandardMaterial3D_mbbt2")

[node name="CSGPolygon3D4" type="CSGPolygon3D" parent="House/MiscFurniture"]
transform = Transform3D(1, 0, 0, 0, -4.371139e-08, 1, 0, -1, -4.371139e-08, -0.06624031, 0.5038769, 0.49238396)
polygon = PackedVector2Array(0.61561775, 0.27485657, 0.45315933, 0.24544525, 0.45591927, 0.28166008, 0.62039757, 0.30414772)
depth = 0.2
material = SubResource("StandardMaterial3D_mbbt2")

[node name="CSGPolygon3D5" type="CSGPolygon3D" parent="House/MiscFurniture"]
transform = Transform3D(1, 0, 0, 0, -4.371139e-08, 1, 0, -1, -4.371139e-08, -0.039476395, 0.5038769, 0.43031693)
polygon = PackedVector2Array(0.61561775, 0.27485657, 0.45315933, 0.24544525, 0.45591927, 0.28166008, 0.62039757, 0.30414772)
depth = 0.2
material = SubResource("StandardMaterial3D_mbbt2")

[node name="CSGPolygon3D6" type="CSGPolygon3D" parent="House/MiscFurniture"]
transform = Transform3D(1, 0, 0, 0, -4.371139e-08, 1, 0, -1, -4.371139e-08, -0.073488235, 0.5038769, 0.38627434)
polygon = PackedVector2Array(0.61561775, 0.27485657, 0.45315933, 0.24544525, 0.45591927, 0.28166008, 0.62039757, 0.30414772)
depth = 0.2
material = SubResource("StandardMaterial3D_mbbt2")

[node name="CSGPolygon3D7" type="CSGPolygon3D" parent="House/MiscFurniture"]
transform = Transform3D(1, 0, 0, 0, -4.371139e-08, 1, 0, -1, -4.371139e-08, -0.028627396, 0.5038769, 0.2735672)
polygon = PackedVector2Array(0.61561775, 0.27485657, 0.45315933, 0.24544525, 0.45591927, 0.28166008, 0.62039757, 0.30414772)
depth = 0.2
material = SubResource("StandardMaterial3D_mbbt2")

[node name="Chair" type="Node3D" parent="House"]
transform = Transform3D(0.97282237, -0.0151436245, 0.23105684, 0.020814676, 0.9995385, -0.02212593, -0.23061511, 0.026333973, 0.9726886, 1.2200985, -0.09765756, -1.2486286)

[node name="CSGPolygon3D" type="CSGPolygon3D" parent="House/Chair"]
transform = Transform3D(1, 0, 0, 0, 1, 0, 0, 0, 1, 0, -0.5, 0)
polygon = PackedVector2Array(0, 0, 0.010910034, 0.27001053, 0.11833763, 0.55231583, 0.29655838, 0.67473924, 0.60591316, 0.68114424, 0.78354263, 0.5754094, 0.9668255, 0.2575568, 1, 0, 0.7497215, 0.07272214, 0.6039543, 0.47169352, 0.39551544, 0.46368003, 0.25403214, 0.07451707)
depth = 0.11
material = SubResource("StandardMaterial3D_nguaj")

[node name="CSGPolygon3D2" type="CSGPolygon3D" parent="House/Chair"]
transform = Transform3D(-4.371139e-08, 0, -1, 0, 1, 0, 1, 0, -4.371139e-08, 0.42568398, -0.5, -0.5446434)
polygon = PackedVector2Array(0, 0, 0.010910034, 0.27001053, 0.11833763, 0.55231583, 0.29655838, 0.67473924, 0.60591316, 0.68114424, 0.78354263, 0.5754094, 0.9668255, 0.2575568, 1, 0, 0.7497215, 0.07272214, 0.6039543, 0.47169352, 0.39551544, 0.46368003, 0.25403214, 0.07451707)
depth = 0.11
material = SubResource("StandardMaterial3D_nguaj")

[node name="MeshInstance3D" type="MeshInstance3D" parent="House/Chair"]
transform = Transform3D(1, 0, 0, 0, 1, 0, 0, 0, 1, 0.4843235, 0.1463362, -0.047124863)
mesh = SubResource("CylinderMesh_4mv1t")

[node name="StaticBody3D" type="StaticBody3D" parent="House/Chair/MeshInstance3D"]

[node name="CollisionShape3D" type="CollisionShape3D" parent="House/Chair/MeshInstance3D/StaticBody3D"]
shape = SubResource("ConvexPolygonShape3D_twdl6")

[node name="SpotLight3D2" type="SpotLight3D" parent="House"]
transform = Transform3D(0.798194, 0.1373232, 0.5865394, -0.57372993, 0.47010142, 0.67070013, -0.18363029, -0.8718641, 0.4540186, 2.040285, 2.878981, 1.6562674)
light_energy = 0.37
spot_range = 7.963924
spot_angle = 37.56308

[node name="Sign" parent="House" instance=ExtResource("5_pt5ad")]
transform = Transform3D(0.9370367, -0.33511978, -0.09826959, 0.11801946, 0.03903438, 0.9922437, -0.32868463, -0.9413665, 0.0761273, 1.7263088, 0.13661289, -0.7587242)
text = "~~~~~~"

[node name="CSGPolygon3D" type="CSGPolygon3D" parent="."]
transform = Transform3D(1, 0, 0, 0, -4.371139e-08, 1, 0, -1, -4.371139e-08, -22, 0.5, -29)
use_collision = true
polygon = PackedVector2Array(-10.445103, -3.7728996, -7.373516, -5.3104115, -3.4176521, -3.9344578, 0.4006176, -4.106453, 0.92518616, -3.8248482, 1.47398, -3.0772038, 2.243824, -3.1885128, 3.6341076, -2.558506, 5.0788593, 0.021406174, 6.1796207, 2.7733116, 5.1820564, 4.9748383, 5.526045, 7.864338, 5.560442, 8.965099, 3.7717018, 5.1812325, -1.4059143, 3.4812355, 2.4946098, 3.4895172, 2.4789696, -2.4937305, -3.495964, -2.4897919, -3.4772167, 2.726963, -6.9951286, -1.4577427)
depth = 0.5

[node name="CSGPolygon3D2" type="CSGPolygon3D" parent="."]
transform = Transform3D(0.8076607, 0, -0.58964765, 0, 1, 0, 0.58964765, 0, 0.8076607, -21.07874, 0, -25.224073)
use_collision = true
polygon = PackedVector2Array(0, 0, 0, 0.5, 1, 0)

[node name="Sign" parent="." instance=ExtResource("5_pt5ad")]
transform = Transform3D(0.87691975, 0, 0.4806368, 0, 1, 0, -0.4806368, 0, 0.87691975, -17.477325, 4.7683716e-07, -26.929773)
text = "the dewlling, once held a person that developed society"

[node name="SpotLight3D" type="SpotLight3D" parent="."]
transform = Transform3D(1, 0, 0, 0, -4.371139e-08, 1, 0, -1, -4.371139e-08, -15.247949, 6.7164145, -32.072212)
light_energy = 0.045
spot_range = 13.47315
spot_angle = 61.521976

[node name="SpotLight3D2" type="SpotLight3D" parent="."]
transform = Transform3D(1, 0, 0, 0, -4.371139e-08, 1, 0, -1, -4.371139e-08, -22.44522, 6.7164125, -24.541763)
light_energy = 0.305
spot_range = 13.47315
spot_angle = 61.521976

[node name="SpotLight3D3" type="SpotLight3D" parent="."]
transform = Transform3D(1, 0, 0, 0, -4.371139e-08, 1, 0, -1, -4.371139e-08, -16.450186, 6.7164125, -25.091244)
light_energy = 0.145
spot_range = 13.47315
spot_angle = 61.521976

[node name="Area3DTitleCard" type="Area3D" parent="."]
transform = Transform3D(0.97983414, 0, 0.19981259, 0, 1, 0, -0.19981259, 0, 0.97983414, -23.64971, 0, -20.864605)

[node name="CollisionShape3D" type="CollisionShape3D" parent="Area3DTitleCard"]
transform = Transform3D(1, 0, 0, 0, 1, 0, 0, 0, 1, 0, 1.4476929, 0)
shape = SubResource("BoxShape3D_4mv1t")

[node name="Mushrooms" type="Node3D" parent="."]
transform = Transform3D(1, 0, 0, 0, 1, 0, 0, 0, 1, -27, 0, -22)

[node name="mushroom_gray" parent="Mushrooms" instance=ExtResource("5_aokp7")]
transform = Transform3D(1, 0, 0, 0, 1, 0, 0, 0, 1, 6.101549, 0, -2.662939)

[node name="mushroom_gray2" parent="Mushrooms" instance=ExtResource("5_aokp7")]
transform = Transform3D(1, 0, 0, 0, 1, 0, 0, 0, 1, 7.391672, 0, -3.6440258)

[node name="mushroom_gray3" parent="Mushrooms" instance=ExtResource("5_aokp7")]
transform = Transform3D(1, 0, 0, 0, 1, 0, 0, 0, 1, 7.7656, 0, -3.5066547)

[node name="mushroom_gray4" parent="Mushrooms" instance=ExtResource("5_aokp7")]
transform = Transform3D(1, 0, 0, 0, 1, 0, 0, 0, 1, 9.803675, 2.3841858e-07, -5.0506535)

[node name="mushroom_gray5" parent="Mushrooms" instance=ExtResource("5_aokp7")]
transform = Transform3D(1, 0, 0, 0, 1, 0, 0, 0, 1, 7.9709435, 0.5, -7.85338)

[node name="mushroom_gray6" parent="Mushrooms" instance=ExtResource("5_aokp7")]
transform = Transform3D(1, 0, 0, 0, 1, 0, 0, 0, 1, 8.699783, 0.5, -9.286001)

[node name="mushroom_gray7" parent="Mushrooms" instance=ExtResource("5_aokp7")]
transform = Transform3D(1, 0, 0, 0, 1, 0, 0, 0, 1, 8.362274, 0.5, -5.662565)

[node name="mushroom_gray8" parent="Mushrooms" instance=ExtResource("5_aokp7")]
transform = Transform3D(1, 0, 0, 0, 1, 0, 0, 0, 1, 4.136511, 0.5, -3.4074688)

[node name="mushroom_gray9" parent="Mushrooms" instance=ExtResource("5_aokp7")]
transform = Transform3D(1, 0, 0, 0, 1, 0, 0, 0, 1, 3.831478, 0.5, -3.1469345)

[node name="Wall" type="Node3D" parent="."]
transform = Transform3D(1, 0, 0, 0, 1, 0, 0, 0, 1, -29, 0, -22)

[node name="CSGBox3D" type="CSGBox3D" parent="Wall"]
transform = Transform3D(0.86851674, 0.0043495, -0.495641, 0.19697294, 0.9145835, 0.35318357, 0.45484117, -0.40437368, 0.7934743, -0.48353958, 0.7134856, 0.62794304)
use_collision = true
size = Vector3(0.76660156, 2.7434692, 1.9550781)

[node name="CSGBox3D5" type="CSGBox3D" parent="Wall"]
transform = Transform3D(0.95981276, -0.10643538, -0.25967532, 0.14687675, 0.9789626, 0.14163013, 0.23913789, -0.17407864, 0.9552536, -1.4578915, 1.1041356, 1.7998352)
use_collision = true
size = Vector3(0.76660156, 3.695465, 2.414734)

[node name="CSGBox3D6" type="CSGBox3D" parent="Wall"]
transform = Transform3D(0.7926122, -0.16691665, -0.58643436, 0.052182503, 0.97684014, -0.20750917, 0.60748947, 0.1338726, 0.78296524, 2.1780682, 1.2065879, -3.3496609)
use_collision = true
size = Vector3(0.76660156, 3.9052277, 2.414734)

[node name="CSGBox3D7" type="CSGBox3D" parent="Wall"]
transform = Transform3D(0.7926122, -0.16691665, -0.58643436, 0.052182503, 0.97684014, -0.20750917, 0.60748947, 0.1338726, 0.78296524, 2.4694252, 0.99372894, -4.759754)
use_collision = true
size = Vector3(0.76660156, 1.9201298, 1.9954529)

[node name="CSGBox3D2" type="CSGBox3D" parent="Wall"]
transform = Transform3D(0.86851674, 0.0043495, -0.495641, 0.19697294, 0.9145835, 0.35318357, 0.45484117, -0.40437368, 0.7934743, 1.065897, 0.5935446, -0.67643166)
use_collision = true
size = Vector3(0.76660156, 2.7434692, 2.6342773)

[node name="CSGBox3D4" type="CSGBox3D" parent="Wall"]
transform = Transform3D(0.8837494, 0.22913724, -0.40802327, 0.28773, 0.42155886, 0.85994166, 0.36905044, -0.8773734, 0.30662274, 1.9925861, 0.5935446, -1.7950706)
use_collision = true
size = Vector3(0.76660156, 2.7434692, 2.6342773)

[node name="CSGBox3D3" type="CSGBox3D" parent="Wall"]
transform = Transform3D(0.8420449, -0.3162501, -0.43697459, 0.22160989, 0.94139946, -0.25427634, 0.49178237, 0.11727411, 0.86278445, 0.23607063, 1.9499568, -0.66846275)
use_collision = true
size = Vector3(0.76660156, 2.7434692, 1.9550781)

[connection signal="body_entered" from="House/Area3DHouse" to="." method="_on_area_3d_house_body_entered"]
[connection signal="body_exited" from="House/Area3DHouse" to="." method="_on_area_3d_house_body_exited"]
[connection signal="body_entered" from="House/Area3DDoor" to="." method="_on_area_3d_door_body_entered"]
[connection signal="body_exited" from="House/Area3DDoor" to="." method="_on_area_3d_door_body_exited"]
[connection signal="body_entered" from="Area3DTitleCard" to="." method="_on_area_3d_title_card_body_entered"]
