[gd_scene load_steps=29 format=3 uid="uid://7cp0pqabugrl"]

[ext_resource type="PackedScene" uid="uid://d08s342gfjw8u" path="res://entities/zert/zert.tscn" id="1_05hsp"]
[ext_resource type="Script" uid="uid://b5gm2nj3mnypo" path="res://scripts/scenes/level_4_2.gd" id="1_lf873"]
[ext_resource type="PackedScene" uid="uid://kn6hbschf6xo" path="res://scenes/items/shards.tscn" id="2_u22qj"]
[ext_resource type="PackedScene" uid="uid://t0p0267pq1yk" path="res://entities/interface/interface.tscn" id="2_ve1yt"]
[ext_resource type="Texture2D" uid="uid://dcys6jvvpk8ui" path="res://assets/relics/relic_3_hidden_icon.png" id="4_8eyll"]
[ext_resource type="PackedScene" uid="uid://bx27rmfnckyq8" path="res://scenes/enviornment/sign.tscn" id="4_ev50v"]
[ext_resource type="Texture2D" uid="uid://ctwb6rjmjrvf1" path="res://assets/relics/relic_3_icon.png" id="5_lf873"]
[ext_resource type="PackedScene" uid="uid://c4ur6h1x4yovh" path="res://scenes/items/relic_2.tscn" id="6_na7ny"]
[ext_resource type="Script" uid="uid://cmyasc1t8l0la" path="res://addons/controller_icons/objects/ControllerIconTexture.gd" id="8_3b5aq"]
[ext_resource type="PackedScene" uid="uid://c8k8dm81jp0pu" path="res://assets/model/enviornment/mushroom_gray.blend" id="10_vdgxt"]

[sub_resource type="StandardMaterial3D" id="StandardMaterial3D_ve1yt"]
albedo_color = Color(0.7059877, 0.66718817, 0.47144568, 1)
emission = Color(0.6789437, 0.6789437, 0.6789437, 1)

[sub_resource type="StandardMaterial3D" id="StandardMaterial3D_ev50v"]
albedo_color = Color(0.55324876, 0.51690745, 0.33631545, 1)
emission = Color(0.6789437, 0.6789437, 0.6789437, 1)

[sub_resource type="NavigationMesh" id="NavigationMesh_u22qj"]
vertices = PackedVector3Array(6.7260756, 3.9999998, -14.684167, 6.7260756, 3.9999998, -13.184167, 7.2260756, 3.9999998, -12.684167, 9.226076, 3.9999998, -14.684167, 6.7260756, 3.9999998, -9.184167, 7.4760756, 3.9999998, -8.434167, 9.226076, 3.9999998, -9.684167, 10.226076, 3.9999998, -13.684167, 10.226076, 3.9999998, -11.434167)
polygons = [PackedInt32Array(1, 0, 2), PackedInt32Array(2, 0, 3), PackedInt32Array(4, 6, 5), PackedInt32Array(7, 8, 3), PackedInt32Array(3, 8, 2), PackedInt32Array(2, 8, 6), PackedInt32Array(2, 6, 4)]

[sub_resource type="BoxShape3D" id="BoxShape3D_vdgxt"]
size = Vector3(10.396484, 2, 12)

[sub_resource type="SphereShape3D" id="SphereShape3D_na7ny"]
radius = 1.2707261

[sub_resource type="Texture2D" id="Texture2D_na7ny"]
resource_local_to_scene = false
resource_name = ""
script = ExtResource("8_3b5aq")
path = "attack"
metadata/_custom_type_script = "uid://cmyasc1t8l0la"

[sub_resource type="ViewportTexture" id="ViewportTexture_vdgxt"]
viewport_path = NodePath("StructurePuzzle/HiddenSwitch1/SubViewport")

[sub_resource type="StandardMaterial3D" id="StandardMaterial3D_u22qj"]
albedo_color = Color(0.41981313, 0.41981313, 0.4198131, 1)

[sub_resource type="StandardMaterial3D" id="StandardMaterial3D_8eyll"]
albedo_color = Color(0.45452422, 0.45452428, 0.45452422, 1)

[sub_resource type="StandardMaterial3D" id="StandardMaterial3D_lf873"]
albedo_color = Color(0.27022192, 0.27022192, 0.27022186, 1)

[sub_resource type="StandardMaterial3D" id="StandardMaterial3D_3b5aq"]
albedo_color = Color(0.12591079, 0.12591085, 0.12591082, 1)

[sub_resource type="PhysicsMaterial" id="PhysicsMaterial_3b5aq"]
friction = 0.48

[sub_resource type="BoxShape3D" id="BoxShape3D_na7ny"]
size = Vector3(1, 0.42230225, 1)

[sub_resource type="BoxShape3D" id="BoxShape3D_3b5aq"]
size = Vector3(10.410992, 4.7908936, 1)

[sub_resource type="NavigationMesh" id="NavigationMesh_vkoin"]
vertices = PackedVector3Array(17.11747, 0.99999976, 0.05606842, 17.86747, 0.99999976, -0.6939316, 17.86747, 0.99999976, -2.6939316, 17.11747, 0.99999976, -3.4439316, 13.61747, 0.99999976, -3.4439316, 11.11747, 0.99999976, -2.6939316, 11.11747, 0.99999976, 0.30606842, 14.86747, 0.99999976, 0.5560684)
polygons = [PackedInt32Array(1, 0, 2), PackedInt32Array(2, 0, 3), PackedInt32Array(5, 4, 6), PackedInt32Array(6, 4, 7), PackedInt32Array(7, 4, 0), PackedInt32Array(0, 4, 3)]

[sub_resource type="NavigationMesh" id="NavigationMesh_na7ny"]
vertices = PackedVector3Array(2.6912696, 1.0000013, 3.431393, 1.1912696, 1.0000013, 3.681393, 0.44126964, 1.0000013, 4.6813927, 1.4412696, 1.0000013, 7.6813927, 4.69127, 1.0000013, 6.6813927, 4.19127, 1.0000013, 4.9313927, 4.19127, 1.0000013, 10.431393, 6.44127, 1.0000013, 8.181393)
polygons = [PackedInt32Array(1, 0, 2), PackedInt32Array(2, 0, 5), PackedInt32Array(2, 5, 4), PackedInt32Array(2, 4, 3), PackedInt32Array(7, 6, 4), PackedInt32Array(4, 6, 3)]

[sub_resource type="NavigationMesh" id="NavigationMesh_vdgxt"]
vertices = PackedVector3Array(4.8654027, 0.9999999, -8.302726, 4.3654027, 0.9999999, -7.552726, 4.3654027, 0.9999999, -5.552726, 5.8654027, 0.9999999, -3.5527258, 7.1154027, 0.9999999, -4.802726, 7.8654027, 0.9999999, -6.802726, 7.3654027, 0.9999999, -12.052726, 4.6154027, 0.9999999, -11.052726)
polygons = [PackedInt32Array(1, 0, 2), PackedInt32Array(2, 0, 5), PackedInt32Array(2, 5, 4), PackedInt32Array(2, 4, 3), PackedInt32Array(7, 6, 0), PackedInt32Array(0, 6, 5)]

[sub_resource type="BoxShape3D" id="BoxShape3D_vkoin"]
size = Vector3(27.625854, 4.5825195, 10.288361)

[node name="Level4_2" type="Node3D"]
script = ExtResource("1_lf873")

[node name="StructurePuzzle" type="Node3D" parent="."]
transform = Transform3D(1, 0, 0, 0, 1, 0, 0, 0, 1, 15.30566, 0.5, -17.525751)

[node name="Barriers" type="Node3D" parent="StructurePuzzle"]
transform = Transform3D(1, 0, 0, 0, 1, 0, 0, 0, 1, 0, 0.9440844, 0)
visible = false

[node name="CSGBox3D" type="CSGBox3D" parent="StructurePuzzle/Barriers"]
transform = Transform3D(1, 0, 0, 0, 1, 0, 0, 0, 1, -4.025635, 4.2939878, -3.769287)
use_collision = true
size = Vector3(0.30029297, 1, 8.538574)

[node name="CSGBox3D6" type="CSGBox3D" parent="StructurePuzzle/Barriers"]
transform = Transform3D(1, 0, 0, 0, 1, 0, 0, 0, 1, 5.974365, 4.2939878, -4.5)
use_collision = true
size = Vector3(0.30029297, 1, 10)

[node name="CSGBox3D15" type="CSGBox3D" parent="StructurePuzzle/Barriers"]
transform = Transform3D(1, 0, 0, 0, 1, 0, 0, 0, 1, 6.638769, 4.293988, -5.3852234)
use_collision = true
size = Vector3(0.30029297, 1, 7.019226)

[node name="CSGBox3D17" type="CSGBox3D" parent="StructurePuzzle/Barriers"]
transform = Transform3D(-0.84468305, 0, 0.53526676, 0, 1, 0, -0.53526676, 0, -0.84468305, 10.6378, 4.293988, -3.094904)
use_collision = true
size = Vector3(0.30029297, 1, 4.488205)

[node name="CSGBox3D16" type="CSGBox3D" parent="StructurePuzzle/Barriers"]
transform = Transform3D(1, 0, 0, 0, 1, 0, 0, 0, 1, 11.568317, 4.293988, -5.927946)
use_collision = true
size = Vector3(0.30029297, 1, 2.6656494)

[node name="CSGBox3D19" type="CSGBox3D" parent="StructurePuzzle/Barriers"]
transform = Transform3D(0.83593184, 0, 0.5488332, 0, 1, 0, -0.5488332, 0, 0.83593184, 10.960653, 4.293988, -7.6461716)
use_collision = true
size = Vector3(0.30029297, 1, 2.6656494)

[node name="CSGBox3D18" type="CSGBox3D" parent="StructurePuzzle/Barriers"]
transform = Transform3D(0.07898107, 0, 0.9968761, 0, 1, 0, -0.9968761, 0, 0.07898107, 8.856649, 4.293988, -8.566942)
use_collision = true
size = Vector3(0.30029297, 1, 4.287903)

[node name="CSGBox3D20" type="CSGBox3D" parent="StructurePuzzle/Barriers"]
transform = Transform3D(0.07898107, 0, 0.9968761, 0, 1, 0, -0.9968761, 0, 0.07898107, 8.626156, 4.293988, -1.9873943)
use_collision = true
size = Vector3(0.30029297, 1, 4.287903)

[node name="CSGBox3D13" type="CSGBox3D" parent="StructurePuzzle/Barriers"]
transform = Transform3D(1, 0, 0, 0, 0.9096644, -0.41534433, 0, 0.41534433, 0.9096644, -6.025635, 3.297581, -5.902069)
use_collision = true
size = Vector3(0.30029297, 1, 9.019516)

[node name="CSGBox3D14" type="CSGBox3D" parent="StructurePuzzle/Barriers"]
transform = Transform3D(1, 0, 0, 0, 0.9096644, -0.41534433, 0, 0.41534433, 0.9096644, -4.025635, 2.699515, -4.5922165)
use_collision = true
size = Vector3(0.30029297, 1, 7.6671333)

[node name="CSGBox3D7" type="CSGBox3D" parent="StructurePuzzle/Barriers"]
transform = Transform3D(-4.371139e-08, 0, -1, 0, 1, 0, 1, 0, -4.371139e-08, 0.013183594, 4.2939878, -10.057137)
use_collision = true
size = Vector3(0.30029297, 1, 11.922363)

[node name="CSGBox3D8" type="CSGBox3D" parent="StructurePuzzle/Barriers"]
transform = Transform3D(-4.371139e-08, 0, -1, 0, 1, 0, 1, 0, -4.371139e-08, 0.8779907, 4.2939878, 0.94286346)
use_collision = true
size = Vector3(0.30029297, 1, 10.192749)

[node name="CSGBox3D9" type="CSGBox3D" parent="StructurePuzzle/Barriers"]
transform = Transform3D(-4.371139e-08, 0, -1, 0, 1, 0, 1, 0, -4.371139e-08, 0.95344543, 4.2939878, -1.0571365)
use_collision = true
size = Vector3(0.30029297, 1, 6.3557434)

[node name="CSGBox3D10" type="CSGBox3D" parent="StructurePuzzle/Barriers"]
transform = Transform3D(-4.371139e-08, 0, -1, 0, 1, 0, 1, 0, -4.371139e-08, -0.042129517, 4.2939878, -6.0571365)
use_collision = true
size = Vector3(0.30029297, 1, 4.2896423)

[node name="CSGBox3D12" type="CSGBox3D" parent="StructurePuzzle/Barriers"]
transform = Transform3D(-4.371139e-08, 0, -1, 0, 1, 0, 1, 0, -4.371139e-08, 0.9813919, 4.2939878, -3.0571365)
use_collision = true
size = Vector3(0.30029297, 1, 2.2425995)

[node name="CSGBox3D11" type="CSGBox3D" parent="StructurePuzzle/Barriers"]
transform = Transform3D(-4.371139e-08, 0, -1, 0, 1, 0, 1, 0, -4.371139e-08, -0.21838379, 4.2939878, -8.057137)
use_collision = true
size = Vector3(0.30029297, 1, 8)

[node name="CSGBox3D2" type="CSGBox3D" parent="StructurePuzzle/Barriers"]
transform = Transform3D(1, 0, 0, 0, 1, 0, 0, 0, 1, -2.0256348, 4.2939878, -3.3705616)
use_collision = true
size = Vector3(0.30029297, 1, 5)

[node name="CSGBox3D3" type="CSGBox3D" parent="StructurePuzzle/Barriers"]
transform = Transform3D(1, 0, 0, 0, 1, 0, 0, 0, 1, -0.025634766, 4.2939878, -3.4895344)
use_collision = true
size = Vector3(0.30029297, 1, 1.1777039)

[node name="CSGBox3D4" type="CSGBox3D" parent="StructurePuzzle/Barriers"]
transform = Transform3D(1, 0, 0, 0, 1, 0, 0, 0, 1, 1.9743652, 4.2939878, -4.409197)
use_collision = true
size = Vector3(0.30029297, 1, 2.9227295)

[node name="CSGBox3D5" type="CSGBox3D" parent="StructurePuzzle/Barriers"]
transform = Transform3D(1, 0, 0, 0, 1, 0, 0, 0, 1, 3.9743652, 4.2939878, -4.4766235)
use_collision = true
size = Vector3(0.30029297, 1, 7.1239014)

[node name="Walls" type="Node3D" parent="StructurePuzzle"]

[node name="CSGBox3D" type="CSGBox3D" parent="StructurePuzzle/Walls"]
transform = Transform3D(1, 0, 0, 0, 1, 0, 0, 0, 1, 0, 1.5, -9)
use_collision = true
size = Vector3(9, 4, 1)
material = SubResource("StandardMaterial3D_ve1yt")

[node name="CSGBox3D5" type="CSGBox3D" parent="StructurePuzzle/Walls"]
transform = Transform3D(1, 0, 0, 0, 1, 0, 0, 0, 1, -3, 1.5, -4)
use_collision = true
size = Vector3(1, 4, 7)
material = SubResource("StandardMaterial3D_ve1yt")

[node name="CSGBox3D6" type="CSGBox3D" parent="StructurePuzzle/Walls"]
transform = Transform3D(1, 0, 0, 0, 1, 0, 0, 0, 1, 0.5, 1.5, -7)
use_collision = true
size = Vector3(6, 4, 1)
material = SubResource("StandardMaterial3D_ve1yt")

[node name="CSGBox3D8" type="CSGBox3D" parent="StructurePuzzle/Walls"]
transform = Transform3D(1, 0, 0, 0, 1, 0, 0, 0, 1, 1, 1.5, -2)
use_collision = true
size = Vector3(5, 4, 1)
material = SubResource("StandardMaterial3D_ve1yt")

[node name="CSGBox3D16" type="CSGBox3D" parent="StructurePuzzle/Walls"]
transform = Transform3D(1, 0, 0, 0, 1, 0, 0, 0, 1, -1, 1.5, -4)
use_collision = true
size = Vector3(1, 4, 3)
material = SubResource("StandardMaterial3D_ve1yt")

[node name="CSGBox3D17" type="CSGBox3D" parent="StructurePuzzle/Walls"]
transform = Transform3D(1, 0, 0, 0, 1, 0, 0, 0, 1, 0.5, 1.5, -5)
use_collision = true
size = Vector3(2, 4, 1)
material = SubResource("StandardMaterial3D_ve1yt")

[node name="CSGBox3D18" type="CSGBox3D" parent="StructurePuzzle/Walls"]
transform = Transform3D(1, 0, 0, 0, 1, 0, 0, 0, 1, 1, 1.5, -4)
use_collision = true
size = Vector3(1, 4, 1)
material = SubResource("StandardMaterial3D_ve1yt")

[node name="CSGBox3D21" type="CSGBox3D" parent="StructurePuzzle/Walls"]
transform = Transform3D(1, 0, 0, 0, 1, 0, 0, 0, 1, 0, -0.49950004, -4.5)
size = Vector3(9, 0.001, 8)
material = SubResource("StandardMaterial3D_ev50v")

[node name="CSGBox3D19" type="CSGBox3D" parent="StructurePuzzle/Walls"]
transform = Transform3D(1, 0, 0, 0, 1, 0, 0, 0, 1, 3, 1.5, -3)
use_collision = true
size = Vector3(1, 4, 1)
material = SubResource("StandardMaterial3D_ve1yt")

[node name="CSGBox3D20" type="CSGBox3D" parent="StructurePuzzle/Walls"]
transform = Transform3D(1, 0, 0, 0, 1, 0, 0, 0, 1, 3, 1.5, -6)
use_collision = true
size = Vector3(1, 4, 1)
material = SubResource("StandardMaterial3D_ve1yt")

[node name="CSGBox3D9" type="CSGBox3D" parent="StructurePuzzle/Walls"]
transform = Transform3D(1, 0, 0, 0, 1, 0, 0, 0, 1, 3, 1.5, -3.6083984)
use_collision = true
size = Vector3(1, 4, 0.21679688)
material = SubResource("StandardMaterial3D_ve1yt")

[node name="CSGBox3D13" type="CSGBox3D" parent="StructurePuzzle/Walls"]
transform = Transform3D(1, 0, 0, 0, 1, 0, 0, 0, 1, 3, 1.5, -5.3789063)
use_collision = true
size = Vector3(1, 4, 0.2421875)
material = SubResource("StandardMaterial3D_ve1yt")

[node name="CSGBox3D15" type="CSGBox3D" parent="StructurePuzzle/Walls"]
transform = Transform3D(1, 0, 0, 0, 1, 0, 0, 0, 1, 3, -0.05505371, -4.4823)
use_collision = true
size = Vector3(1, 0.8947754, 1.6472168)
material = SubResource("StandardMaterial3D_ve1yt")

[node name="CSGBox3D11" type="CSGBox3D" parent="StructurePuzzle/Walls"]
transform = Transform3D(1, 0, 0, 0, 1, 0, 0, 0, 1, 2.418396, 1.5, 0)
use_collision = true
size = Vector3(0.16320801, 4, 1)
material = SubResource("StandardMaterial3D_ve1yt")

[node name="CSGBox3D14" type="CSGBox3D" parent="StructurePuzzle/Walls"]
transform = Transform3D(1, 0, 0, 0, 1, 0, 0, 0, 1, 1.0739441, -0.033935547, 0)
use_collision = true
size = Vector3(2.7114868, 0.95751953, 1)
material = SubResource("StandardMaterial3D_ve1yt")

[node name="CSGBox3D12" type="CSGBox3D" parent="StructurePuzzle/Walls"]
transform = Transform3D(1, 0, 0, 0, 1, 0, 0, 0, 1, -0.3881836, 1.5, 0)
use_collision = true
size = Vector3(0.22363281, 4, 1)
material = SubResource("StandardMaterial3D_ve1yt")

[node name="CSGBox3D2" type="CSGBox3D" parent="StructurePuzzle/Walls"]
transform = Transform3D(1, 0, 0, 0, 1, 0, 0, 0, 1, 3.5, 1.5, 0)
use_collision = true
size = Vector3(2, 4, 1)
material = SubResource("StandardMaterial3D_ve1yt")

[node name="CSGBox3D10" type="CSGBox3D" parent="StructurePuzzle/Walls"]
transform = Transform3D(1, 0, 0, 0, 1, 0, 0, 0, 1, -2, 1.5, 0)
use_collision = true
size = Vector3(3, 4, 1)
material = SubResource("StandardMaterial3D_ve1yt")

[node name="CSGBox3D3" type="CSGBox3D" parent="StructurePuzzle/Walls"]
transform = Transform3D(1, 0, 0, 0, 1, 0, 0, 0, 1, -5, 1.5, -9)
use_collision = true
size = Vector3(1, 4, 1)
material = SubResource("StandardMaterial3D_ve1yt")

[node name="CSGBox3D4" type="CSGBox3D" parent="StructurePuzzle/Walls"]
transform = Transform3D(1, 0, 0, 0, 1, 0, 0, 0, 1, 5, 1.5, -4.5)
use_collision = true
size = Vector3(1, 4, 10)
material = SubResource("StandardMaterial3D_ve1yt")

[node name="CSGPolygon3D" type="CSGPolygon3D" parent="StructurePuzzle/Walls"]
transform = Transform3D(-4.371139e-08, 0, -1, 0, 1, 0, 1, 0, -4.371139e-08, -5.5, -0.5, -8.5)
use_collision = true
polygon = PackedVector2Array(0, 0, 0, 4, 9, 0)
material = SubResource("StandardMaterial3D_ve1yt")

[node name="BridgePuzzleAnchor" type="Node3D" parent="StructurePuzzle"]
transform = Transform3D(-0.7071067, -0.7071067, -8.742278e-08, -0.7071067, 0.7071067, 0, 6.181723e-08, 6.181723e-08, -1, -0.56158257, 3.3637943, 0)

[node name="Bridge" type="CSGBox3D" parent="StructurePuzzle/BridgePuzzleAnchor"]
transform = Transform3D(1, 0, 0, 0, 1, 0, 0, 0, 1, -1.4085255, 1.9073486e-06, 0)
use_collision = true
size = Vector3(3, 0.277, 1)
material = SubResource("StandardMaterial3D_ve1yt")

[node name="BridgePuzzleAnchor2" type="Node3D" parent="StructurePuzzle"]
transform = Transform3D(-4.371139e-08, 0, -1, -0.70710677, 0.70710677, 3.090862e-08, 0.70710677, 0.70710677, -3.090862e-08, 3, 3.3638797, -3.596836)

[node name="Bridge" type="CSGBox3D" parent="StructurePuzzle/BridgePuzzleAnchor2"]
transform = Transform3D(1, 0, 0, 0, 1, 0, 0, 0, 1, -0.9068165, 0, 3.8146973e-06)
use_collision = true
size = Vector3(1.997, 0.277, 1)
material = SubResource("StandardMaterial3D_ve1yt")

[node name="NavigationRegion3D" type="NavigationRegion3D" parent="StructurePuzzle"]
transform = Transform3D(1, 0, 0, 0, 1, 0, 0, 0, 1, 0.68405724, 2.861023e-06, 6.7334356)
navigation_mesh = SubResource("NavigationMesh_u22qj")

[node name="CSGPolygon3D2" type="CSGPolygon3D" parent="StructurePuzzle/NavigationRegion3D"]
transform = Transform3D(0.8666617, 0.49889618, 2.1807445e-08, 0, -4.371139e-08, 1, 0.49889618, -0.8666617, -3.7882987e-08, 6.450945, 3.5, -10.887542)
use_collision = true
polygon = PackedVector2Array(0, 0, -0.19363403, 1.2630444, -1.463583, 2.0917416, -1.9853458, 3.295292, -1.4334221, 4.4209824, 0.30340195, 5.0333996, 2.187336, 4.4926414, 3.2434006, 2.765154, 3.304226, 0.4564724, 2.5382805, -1.9208317, 0.8637829, -1.6532135)

[node name="CSGPolygon3D3" type="CSGPolygon3D" parent="StructurePuzzle/NavigationRegion3D"]
transform = Transform3D(0.8666617, 0.49889618, 2.1807445e-08, 0, -4.371139e-08, 1, 0.49889618, -0.8666617, -3.7882987e-08, 6.450945, 2.7117915, -10.887542)
use_collision = true
polygon = PackedVector2Array(-0.48073292, 4.472002, 0.8884859, 4.64884, 1.3172836, 3.7366505, 2.981614, 2.233858, 2.2591352, 0.86532784, 2.205431, -1.028862, 1.045886, -1.3149815)
depth = 3.28

[node name="PileOfShards" type="Node3D" parent="StructurePuzzle"]
transform = Transform3D(1, 0, 0, 0, 1, 0, 0, 0, 1, 0, -0.30411732, -4.0639114)

[node name="Shards" parent="StructurePuzzle/PileOfShards" instance=ExtResource("2_u22qj")]
transform = Transform3D(1, 0, 0, 0, 1, 0, 0, 0, 1, -0.21782207, 0, 0.2163372)

[node name="Shards2" parent="StructurePuzzle/PileOfShards" instance=ExtResource("2_u22qj")]
transform = Transform3D(1, 0, 0, 0, 1, 0, 0, 0, 1, 0.0035524368, 0, 0.01546669)

[node name="Shards3" parent="StructurePuzzle/PileOfShards" instance=ExtResource("2_u22qj")]
transform = Transform3D(1, 0, 0, 0, 1, 0, 0, 0, 1, 0.2388506, 0, 0.21247864)

[node name="Shards4" parent="StructurePuzzle/PileOfShards" instance=ExtResource("2_u22qj")]
transform = Transform3D(1, 0, 0, 0, 1, 0, 0, 0, 1, -0.21782207, 0.29745376, 0.2163372)

[node name="Shards5" parent="StructurePuzzle/PileOfShards" instance=ExtResource("2_u22qj")]
transform = Transform3D(1, 0, 0, 0, 1, 0, 0, 0, 1, 0.0035524368, 0.29745376, 0.01546669)

[node name="Shards10" parent="StructurePuzzle/PileOfShards" instance=ExtResource("2_u22qj")]
transform = Transform3D(1, 0, 0, 0, 1, 0, 0, 0, 1, 0.0035524368, 0.29745376, 0.40595436)

[node name="Shards6" parent="StructurePuzzle/PileOfShards" instance=ExtResource("2_u22qj")]
transform = Transform3D(1, 0, 0, 0, 1, 0, 0, 0, 1, 0.2388506, 0.29745376, 0.21247864)

[node name="Shards7" parent="StructurePuzzle/PileOfShards" instance=ExtResource("2_u22qj")]
transform = Transform3D(1, 0, 0, 0, 1, 0, 0, 0, 1, -0.21782207, 0.5462605, 0.2163372)

[node name="Shards8" parent="StructurePuzzle/PileOfShards" instance=ExtResource("2_u22qj")]
transform = Transform3D(1, 0, 0, 0, 1, 0, 0, 0, 1, 0.0035524368, 0.5462605, 0.01546669)

[node name="Shards9" parent="StructurePuzzle/PileOfShards" instance=ExtResource("2_u22qj")]
transform = Transform3D(1, 0, 0, 0, 1, 0, 0, 0, 1, 0.2388506, 0.5462605, 0.21247864)

[node name="ZertAgent" parent="StructurePuzzle" instance=ExtResource("1_05hsp")]
transform = Transform3D(1, 0, 0, 0, 1, 0, 0, 0, 1, 8.923035, 4.5, -3.765625)
line_path_length = 1.53
line_path_angle = 115

[node name="ZertAgent2" parent="StructurePuzzle" instance=ExtResource("1_05hsp")]
transform = Transform3D(1, 0, 0, 0, 1, 0, 0, 0, 1, 9.040466, 4.5, -6.6246567)
line_path_length = 1.59
line_path_angle = 75

[node name="OmniLight3D" type="OmniLight3D" parent="StructurePuzzle"]
transform = Transform3D(1, 0, 0, 0, 1, 0, 0, 0, 1, -4.1525536, 1.5501034, -1.58494)
light_color = Color(0.8281673, 0.74232703, 0.4596442, 1)
light_energy = 0.035
omni_range = 3.2651925

[node name="Sign" parent="StructurePuzzle" instance=ExtResource("4_ev50v")]
transform = Transform3D(0.9678849, 0, 0.2513937, 0, 1, 0, -0.2513937, 0, 0.9678849, 2.9075413, 3.4999998, -0.43395615)
text = "towering the zert, bottom hidden from high"

[node name="Sign2" parent="StructurePuzzle" instance=ExtResource("4_ev50v")]
transform = Transform3D(-0.43680197, 0, -0.8995578, 0, 1, 0, 0.8995578, 0, -0.43680197, 3.4716682, 3.5, -6.336405)
text = "came down a piece of obelisk, off center from before"

[node name="Area3DCameraZoom" type="Area3D" parent="StructurePuzzle"]
transform = Transform3D(1, 0, 0, 0, 1, 0, 0, 0, 1, 0, 4, -4)

[node name="CollisionShape3D" type="CollisionShape3D" parent="StructurePuzzle/Area3DCameraZoom"]
transform = Transform3D(1, 0, 0, 0, 1, 0, 0, 0, 1, 1.3017578, 0.5, -0.5)
shape = SubResource("BoxShape3D_vdgxt")

[node name="HiddenSwitch1" type="Node3D" parent="StructurePuzzle"]
transform = Transform3D(1, 0, 0, 0, 1, 0, 0, 0, 1, 7.6943398, 0.5, -5.474249)

[node name="Area3DSwitch1" type="Area3D" parent="StructurePuzzle/HiddenSwitch1"]

[node name="CollisionShape3D" type="CollisionShape3D" parent="StructurePuzzle/HiddenSwitch1/Area3DSwitch1"]
shape = SubResource("SphereShape3D_na7ny")

[node name="SubViewport" type="SubViewport" parent="StructurePuzzle/HiddenSwitch1"]
transparent_bg = true

[node name="CenterContainerMouse" type="CenterContainer" parent="StructurePuzzle/HiddenSwitch1/SubViewport"]
visible = false
anchors_preset = 15
anchor_right = 1.0
anchor_bottom = 1.0
grow_horizontal = 2
grow_vertical = 2

[node name="TextureRect" type="TextureRect" parent="StructurePuzzle/HiddenSwitch1/SubViewport/CenterContainerMouse"]
custom_minimum_size = Vector2(50, 50)
layout_mode = 2
texture = SubResource("Texture2D_na7ny")
expand_mode = 2

[node name="Sprite3D" type="Sprite3D" parent="StructurePuzzle/HiddenSwitch1"]
billboard = 1
no_depth_test = true
texture = SubResource("ViewportTexture_vdgxt")

[node name="Relic2" parent="StructurePuzzle" instance=ExtResource("6_na7ny")]
transform = Transform3D(1, 0, 0, 0, 1, 0, 0, 0, 1, 1, 3.740107, -4)

[node name="PlatformStuff" type="Node3D" parent="."]

[node name="Platform" type="CSGPolygon3D" parent="PlatformStuff"]
transform = Transform3D(1, 0, 0, 0, -4.37114e-08, 1, 0, -1, -4.37114e-08, 0, 2, 0)
use_collision = true
polygon = PackedVector2Array(4.4032, 43.201, -6.85971, 34.1139, -4.8234286, 28.229496, -2.3320825, 25.948149, -1.1543212, 26.14328, -0.5011358, 27.248936, 1.7021772, 28.180687, 2.8635828, 26.782812, 3.8505073, 26.516468, 5.8045616, 26.515606, 8.734584, 29.893568, 13.764108, 31.019102, 17.708157, 33.212017, 20.5296, 38.4655, 12.8504, 42.6891)
depth = 2.0
material = SubResource("StandardMaterial3D_u22qj")

[node name="CSGPolygon3D" type="CSGPolygon3D" parent="PlatformStuff"]
transform = Transform3D(0.5063648, 0, -0.86231935, 0, 1, 0, 0.86231935, 0, 0.5063648, -1.1501151, -0.016736269, -27.464167)
use_collision = true
polygon = PackedVector2Array(0, 0, 0, 1, 0, 2, 1, 2, 5, 0)
depth = 3.12
material = SubResource("StandardMaterial3D_8eyll")

[node name="Towers" type="Node3D" parent="PlatformStuff"]
transform = Transform3D(1, 0, 0, 0, 1, 0, 0, 0, 1, 5, 2, -35)

[node name="CSGBox3D" type="CSGBox3D" parent="PlatformStuff/Towers"]
transform = Transform3D(1, 0, 0, 0, 1, 0, 0, 0, 1, 0, 1, 6)
use_collision = true
size = Vector3(1, 2, 1)
material = SubResource("StandardMaterial3D_lf873")

[node name="CSGBox3D2" type="CSGBox3D" parent="PlatformStuff/Towers"]
transform = Transform3D(1, 0, 0, 0, 1, 0, 0, 0, 1, 1, 1.5, 4)
use_collision = true
size = Vector3(1, 3, 1)
material = SubResource("StandardMaterial3D_lf873")

[node name="CSGBox3D7" type="CSGBox3D" parent="PlatformStuff/Towers"]
transform = Transform3D(1, 0, 0, 0, 1, 0, 0, 0, 1, 2, 0.1977539, 6)
use_collision = true
size = Vector3(1, 0.3955078, 1)
material = SubResource("StandardMaterial3D_lf873")

[node name="CSGBox3D8" type="CSGBox3D" parent="PlatformStuff/Towers"]
transform = Transform3D(1, 0, 0, 0, 1, 0, 0, 0, 1, -1, 0.28329468, 4)
use_collision = true
size = Vector3(1, 0.56658936, 1)
material = SubResource("StandardMaterial3D_lf873")

[node name="CSGBox3D9" type="CSGBox3D" parent="PlatformStuff/Towers"]
transform = Transform3D(1, 0, 0, 0, 1, 0, 0, 0, 1, 0, 0.08085632, 5)
use_collision = true
size = Vector3(1, 0.16171265, 1)
material = SubResource("StandardMaterial3D_lf873")

[node name="CSGBox3D10" type="CSGBox3D" parent="PlatformStuff/Towers"]
transform = Transform3D(1, 0, 0, 0, 1, 0, 0, 0, 1, 4, 0.47737885, 3)
use_collision = true
size = Vector3(1, 0.9547577, 1)
material = SubResource("StandardMaterial3D_lf873")

[node name="CSGBox3D11" type="CSGBox3D" parent="PlatformStuff/Towers"]
transform = Transform3D(1, 0, 0, 0, 1, 0, 0, 0, 1, 3, 0.2115078, 1)
use_collision = true
size = Vector3(1, 0.4230156, 1)
material = SubResource("StandardMaterial3D_lf873")

[node name="CSGBox3D6" type="CSGBox3D" parent="PlatformStuff/Towers"]
transform = Transform3D(0.9852231, -0.17127572, 0, 0.17014544, 0.97872144, 0.114694424, -0.01964437, -0.112999596, 0.9934008, -6.9649587, 1.2997634, 4.023119)
use_collision = true
size = Vector3(1, 3.4091797, 1)
material = SubResource("StandardMaterial3D_lf873")

[node name="CSGBox3D13" type="CSGBox3D" parent="PlatformStuff/Towers"]
transform = Transform3D(0.9985168, 0.054444794, -9.165171e-10, -0.054308634, 0.9960196, 0.07067919, 0.0038481131, -0.07057437, 0.99749905, -4.0402775, 1.5, -3)
use_collision = true
size = Vector3(1, 3, 1)
material = SubResource("StandardMaterial3D_lf873")

[node name="CSGBox3D14" type="CSGBox3D" parent="PlatformStuff/Towers"]
transform = Transform3D(0.99796045, 0.06375765, -0.0031539646, -0.06383561, 0.99674165, -0.049306832, 0, 0.0494076, 0.9987787, 1.9945064, 1.9380708, -7.004257)
use_collision = true
size = Vector3(1, 4.2202454, 1)
material = SubResource("StandardMaterial3D_lf873")

[node name="CSGBox3D3" type="CSGBox3D" parent="PlatformStuff/Towers"]
transform = Transform3D(1, 0, 0, 0, 1, 0, 0, 0, 1, 3, 2, 4)
use_collision = true
size = Vector3(1, 4, 1)
material = SubResource("StandardMaterial3D_lf873")

[node name="CSGBox3D4" type="CSGBox3D" parent="PlatformStuff/Towers"]
transform = Transform3D(1, 0, 0, 0, 1, 0, 0, 0, 1, -2, 2.5, 3)
use_collision = true
size = Vector3(1, 5, 1)
material = SubResource("StandardMaterial3D_lf873")

[node name="CSGBox3D5" type="CSGBox3D" parent="PlatformStuff/Towers"]
transform = Transform3D(1, 0, 0, 0, 1, 0, 0, 0, 1, 2, 3, 2)
use_collision = true
size = Vector3(1, 6, 1)
material = SubResource("StandardMaterial3D_lf873")

[node name="CSGPolygon3D" type="CSGPolygon3D" parent="PlatformStuff/Towers"]
transform = Transform3D(1, 0, 0, 0, -4.371139e-08, 1, 0, -1, -4.371139e-08, 1, 0.103583574, 4)
polygon = PackedVector2Array(2.6264, 4.3715744, 3.7934628, 2.8665123, 4.8602886, 1.7494125, 4.454173, 0.41739273, 4.446124, -0.77890587, 2.712863, -1.1512413, 0.74461174, -3.4800224, -1.4876413, -3.8527546, -2.435411, -2.1656704, -3.7892473, -1.0400066, -4.1021204, 0.5821705, -4.770008, 2.142624, -3.5936468, 3.9270096, -0.9953203, 5.280117, 0.58539486, 4.6236)
material = SubResource("StandardMaterial3D_3b5aq")

[node name="Shards" parent="PlatformStuff/Towers" instance=ExtResource("2_u22qj")]
transform = Transform3D(1, 0, 0, 0, 1, 0, 0, 0, 1, 2, 4.295296, -7)

[node name="RigidBody3DOblieskPiece" type="RigidBody3D" parent="PlatformStuff/Towers"]
transform = Transform3D(1, 0, 0, 0, 1, 0, 0, 0, 1, -3, 0, 0)
physics_material_override = SubResource("PhysicsMaterial_3b5aq")
can_sleep = false
lock_rotation = true

[node name="CSGBox3D12" type="CSGBox3D" parent="PlatformStuff/Towers/RigidBody3DOblieskPiece"]
transform = Transform3D(1, 0, 0, 0, 1, 0, 0, 0, 1, 0, 0.2115078, 0)
size = Vector3(1, 0.4230156, 1)
material = SubResource("StandardMaterial3D_lf873")

[node name="CollisionShape3D" type="CollisionShape3D" parent="PlatformStuff/Towers/RigidBody3DOblieskPiece"]
transform = Transform3D(1, 0, 0, 0, 1, 0, 0, 0, 1, 0, 0.21200562, 0)
shape = SubResource("BoxShape3D_na7ny")

[node name="PlatformRocks" type="Node3D" parent="PlatformStuff"]
transform = Transform3D(1, 0, 0, 0, 1, 0, 0, 0, 1, 9, 2, -39)

[node name="CSGBox3D5" type="CSGBox3D" parent="PlatformStuff/PlatformRocks"]
transform = Transform3D(-0.739209, 0.182403, -0.747215, -0.600787, 0.00546438, 0.967959, 0.175425, 0.787328, 0.166392, -4.532205, 0.44687414, -0.27238083)
use_collision = true
size = Vector3(2, 1.97266, 1)

[node name="CSGBox3D23" type="CSGBox3D" parent="PlatformStuff/PlatformRocks"]
transform = Transform3D(0.609986, -0.575848, 0.544349, 0.787204, 0.518995, -0.333098, -0.0907008, 0.631698, 0.769889, -8.104142, -0.34081912, 1.3544579)
use_collision = true
size = Vector3(1.3739, 1.31836, 1)

[node name="CSGBox3D25" type="CSGBox3D" parent="PlatformStuff/PlatformRocks"]
transform = Transform3D(0.66285074, -0.6966959, -0.27430412, -0.23194358, 0.15727018, -0.9599314, 0.7119209, 0.69991493, -0.0573483, -3.7481909, 0.43664646, -1.2546272)
use_collision = true
size = Vector3(1.3739, 1.7572633, 1)

[node name="CSGBox3D24" type="CSGBox3D" parent="PlatformStuff/PlatformRocks"]
transform = Transform3D(0.6321435, -0.61538064, 0.47085002, 0.50814956, -0.12950356, -0.85147643, 0.5849596, 0.77751875, 0.23084015, -1.9686904, -0.37647748, -3.1033173)
use_collision = true
size = Vector3(1.5099018, 1.3686516, 1.4760742)

[node name="CSGBox3D37" type="CSGBox3D" parent="PlatformStuff/PlatformRocks"]
transform = Transform3D(0.5194625, -0.8060832, 0.28352678, 0.7144561, 0.22771318, -0.66158843, 0.46873277, 0.54623866, 0.69419914, -2.263925, -0.027506828, -3.5304146)
use_collision = true
size = Vector3(1.6489938, 1.21936, 1.3554688)

[node name="CSGBox3D35" type="CSGBox3D" parent="PlatformStuff/PlatformRocks"]
transform = Transform3D(0.60725456, -0.55822253, 0.5653565, 0.787204, 0.518995, -0.33309802, -0.10747425, 0.64732647, 0.7545973, -10.893054, -0.55630493, 8.419371)
use_collision = true
size = Vector3(2.16656, 1.86035, 0.87890625)

[node name="CSGBox3D36" type="CSGBox3D" parent="PlatformStuff/PlatformRocks"]
transform = Transform3D(0.5305844, -0.19847822, 0.8240662, -0.03645128, 0.96595657, 0.25612265, -0.8468474, -0.16593379, 0.5052874, -10.56305, -0.5789763, 7.892664)
use_collision = true
size = Vector3(0.92263544, 1.86035, 0.87890625)

[node name="CSGBox3D6" type="CSGBox3D" parent="PlatformStuff/PlatformRocks"]
transform = Transform3D(-0.7580294, -0.13420138, 0.7403836, -0.4100611, 0.6857851, -0.3917178, -0.4420297, -0.406048, -0.906284, 9.918089, 0.44687414, 0.661396)
use_collision = true
size = Vector3(2, 1.97266, 1)

[node name="CSGBox3D26" type="CSGBox3D" parent="PlatformStuff/PlatformRocks"]
transform = Transform3D(0.61607665, -0.63770163, 0.46236968, 0.78720385, 0.51899487, -0.33309793, -0.027550548, 0.5691923, 0.82174164, 2.8981533, 0.6046438, -2.9047127)
use_collision = true
size = Vector3(1.3739, 1.31836, 1)

[node name="CSGBox3D27" type="CSGBox3D" parent="PlatformStuff/PlatformRocks"]
transform = Transform3D(0.15048829, -0.7548791, 0.63836634, -0.02906324, -0.64881843, -0.76038736, 0.98818445, 0.09587755, -0.11957928, 10.639498, 0.55989766, 1.5119362)
use_collision = true
size = Vector3(1.3739, 1.31836, 0.8930664)

[node name="CSGBox3D28" type="CSGBox3D" parent="PlatformStuff/PlatformRocks"]
transform = Transform3D(0.54852784, -0.8361071, -0.006398976, 0.78720397, 0.5189949, -0.333098, 0.28182644, 0.17767623, 0.94287, 3.943634, -0.20778275, -2.7183876)
use_collision = true
size = Vector3(2.16656, 1.86035, 1)

[node name="CSGBox3D17" type="CSGBox3D" parent="PlatformStuff/PlatformRocks"]
transform = Transform3D(-0.36086553, -0.050338447, -0.9312595, 0.787204, 0.5189949, -0.33309802, 0.50008655, -0.8532946, -0.14766091, 4.634962, 0.42133522, 7.5500736)
use_collision = true
size = Vector3(0.832245, 1.1261, 0.706543)

[node name="CSGBox3D29" type="CSGBox3D" parent="PlatformStuff/PlatformRocks"]
transform = Transform3D(0.74725294, -0.5373765, 0.39094788, -0.434828, -0.840263, -0.323856, 0.502532, 0.07200861, -0.8615543, 3.980032, 0.40069532, 7.5155773)
use_collision = true
size = Vector3(1.21527, 1.31836, 0.828613)

[node name="CSGBox3D18" type="CSGBox3D" parent="PlatformStuff/PlatformRocks"]
transform = Transform3D(0.8395288, -0.486738, -0.24141267, -0.21065165, -0.7011763, 0.6811603, -0.50081825, -0.52099866, -0.6911897, 8.79491, 0.05694604, 5.178623)
use_collision = true
size = Vector3(0.832245, 1.1261, 0.706543)

[node name="CSGBox3D30" type="CSGBox3D" parent="PlatformStuff/PlatformRocks"]
transform = Transform3D(-0.4316574, -0.84892833, -0.30494672, 0.5860235, -0.0069173435, -0.81026435, 0.6857472, -0.5284631, 0.5004777, 8.191982, 0.036306143, 5.4367027)
use_collision = true
size = Vector3(1.21527, 1.31836, 0.828613)

[node name="CSGBox3D31" type="CSGBox3D" parent="PlatformStuff/PlatformRocks"]
transform = Transform3D(0.462723, 0.853778, -0.238642, 0.0474264, -0.292649, -0.955042, -0.885233, 0.430603, -0.175907, 0.61939716, -0.15953016, 0.82502747)
use_collision = true
size = Vector3(1.3739, 1.31836, 1)

[node name="CSGBox3D33" type="CSGBox3D" parent="PlatformStuff/PlatformRocks"]
transform = Transform3D(0.113649085, -0.4535889, 0.8839349, 0.71492094, -0.58047676, -0.3897884, 0.689907, 0.6762423, 0.2583084, -10.835467, 0.2458899, 4.660347)
use_collision = true
size = Vector3(1.3739, 1.0888674, 1)

[node name="CSGBox3D34" type="CSGBox3D" parent="PlatformStuff/PlatformRocks"]
transform = Transform3D(-0.737489, -0.4767479, 0.4783525, 0.44802853, -0.87536263, -0.18168862, 0.50535107, 0.08032127, 0.8591664, -11.469506, -0.15442562, 4.8136635)
use_collision = true
size = Vector3(1.3739, 1.1539308, 1)

[node name="CSGBox3D16" type="CSGBox3D" parent="PlatformStuff/PlatformRocks"]
transform = Transform3D(-0.93614817, -0.34078336, -0.0651865, -0.41691428, 0.542351, 0.69526905, -0.23075621, 0.40263218, -0.9917109, -0.16374302, -0.008630037, 1.7842178)
use_collision = true
size = Vector3(1.3739, 1.31836, 1)

[node name="CSGBox3D32" type="CSGBox3D" parent="PlatformStuff/PlatformRocks"]
transform = Transform3D(0.7482975, -0.5465654, 0.37592, 0.2182804, 0.738008, 0.63851213, -0.6264212, -0.39574194, 0.6715543, -0.08116245, 0.06781697, 1.0779228)
use_collision = true
size = Vector3(1.4126728, 1.86035, 1)

[node name="PlatformBarriers" type="Node3D" parent="PlatformStuff"]
transform = Transform3D(1, 0, 0, 0, 1, 0, 0, 0, 1, -2, 3.4083557, -33)
visible = false

[node name="CSGBox3D" type="CSGBox3D" parent="PlatformStuff/PlatformBarriers"]
transform = Transform3D(0.9858677, 0, -0.16752589, 0, 1, 0, 0.16752589, 0, 0.9858677, -0.09801555, 0, -0.114852905)
size = Vector3(0.52, 1.91, 3.9121532)

[node name="CSGBox3D3" type="CSGBox3D" parent="PlatformStuff/PlatformBarriers"]
transform = Transform3D(0.9858677, 0, -0.16752589, 0, 1, 0, 0.16752589, 0, 0.9858677, -1.0507488, 0, 6.443449)
size = Vector3(0.52, 1.91, 8.477683)

[node name="CSGBox3D2" type="CSGBox3D" parent="PlatformStuff/PlatformBarriers"]
transform = Transform3D(0.7142284, 0, -0.69991267, 0, 1, 0, 0.69991267, 0, 0.7142284, 1.5259128, 0, -3.4018288)
size = Vector3(0.52, 1.91, 3.9355907)

[node name="CSGBox3D4" type="CSGBox3D" parent="PlatformStuff/PlatformBarriers"]
transform = Transform3D(0.26982749, 0, -0.9629087, 0, 1, 0, 0.9629087, 0, 0.26982749, 5.261122, 0, -5.348282)
size = Vector3(0.52, 1.91, 3.9355907)

[node name="CSGBox3D5" type="CSGBox3D" parent="PlatformStuff/PlatformBarriers"]
transform = Transform3D(0.9372942, 0, -0.34853932, 0, 1, 0, 0.34853932, 0, 0.9372942, 8.124692, 0, -8.2820015)
size = Vector3(0.52, 1.91, 5.1299047)

[node name="Interface" parent="PlatformStuff" instance=ExtResource("2_ve1yt")]
transform = Transform3D(-0.9948895, 0, -0.10096955, 0, 1, 0, 0.10096955, 0, -0.9948895, 15.396141, 2.5000002, -36.622738)
relic_num = 3
relic_outline = Color(0.2, 0.5568628, 0.92941177, 1)
relic_hidden = ExtResource("4_8eyll")
relic_shown = ExtResource("5_lf873")

[node name="Lights" type="Node3D" parent="."]

[node name="SpotLight3D3" type="SpotLight3D" parent="Lights"]
transform = Transform3D(0.79317486, -0.37321994, 0.4812282, -0.047367144, 0.74999994, 0.6597397, -0.6071491, -0.5460833, 0.57720274, 22.155481, 9, -14.723136)
light_color = Color(0.67268616, 0.042920686, 0.29359016, 1)
light_energy = 1.936
spot_range = 20.49195
spot_angle = 30.667162

[node name="SpotLight3D6" type="SpotLight3D" parent="Lights"]
transform = Transform3D(0.92096645, 0.26098946, -0.28931874, -0.085290305, 0.859549, 0.5038861, 0.38019258, -0.43938613, 0.81387556, 20.761723, 9, -13.983983)
light_color = Color(0.67268616, 0.042920686, 0.29359016, 1)
light_energy = 6.702
spot_range = 20.49195
spot_angle = 15.570718

[node name="SpotLight3D2" type="SpotLight3D" parent="Lights"]
transform = Transform3D(1, 0, 0, 0, -4.371139e-08, 1, 0, -1, -4.371139e-08, 11.68283, 7.522091, -31.576048)
light_color = Color(0.9971362, 0.619743, 0.6955033, 1)
light_energy = 0.489
spot_range = 13.812327
spot_angle = 66.74104

[node name="SpotLight3D5" type="SpotLight3D" parent="Lights"]
transform = Transform3D(1, 0, 0, 0, -4.371139e-08, 1, 0, -1, -4.371139e-08, 5.090988, 11.065102, -37.910583)
light_color = Color(0.9971362, 0.619743, 0.6955033, 1)
spot_range = 45.738575
spot_angle = 62.7222

[node name="SpotLight3D7" type="SpotLight3D" parent="Lights"]
transform = Transform3D(1, 0, 0, 0, -4.371139e-08, 1, 0, -1, -4.371139e-08, 4.993775, 8.589082, -32.247093)
light_color = Color(0.9971362, 0.619743, 0.6955033, 1)
light_energy = 3.128
spot_range = 10.172807
spot_angle = 45.4233

[node name="SpotLight3D4" type="SpotLight3D" parent="Lights"]
transform = Transform3D(1, 0, 0, 0, -4.371139e-08, 1, 0, -1, -4.371139e-08, 18.281963, 11.065099, -23.821291)
light_color = Color(0.9971362, 0.619743, 0.6955033, 1)
spot_range = 45.738575
spot_angle = 52.58603

[node name="Floor" type="CSGPolygon3D" parent="."]
transform = Transform3D(1, 0, 0, 0, -4.37114e-08, 1, 0, -1, -4.37114e-08, 0, 0, 0)
use_collision = true
polygon = PackedVector2Array(4.4032, 43.201, -6.85971, 34.1139, -2.8921, 22.723, 8.24282, 13.5079, 25.052916, 12.426071, 26.933262, 13.3932705, 28.429747, 14.7523, 26.366957, 17.678759, 24.07127, 20.020983, 25.402931, 24.48561, 24.909302, 26.79777, 10.61735, 26.158697, 9.202773, 24.771238, 9.088884, 24.866217, 7.9137874, 24.710005, 6.142618, 25.623693, 5.381898, 27.12558, 6.7887135, 27.863636, 8.083576, 30.274086, 10.572278, 30.640114, 12.837945, 31.825384, 15.43318, 32.08673, 16.669369, 34.06601, 18.760283, 35.241783, 19.904196, 38.447647, 12.8504, 42.6891)

[node name="BridgeRef" type="CSGPolygon3D" parent="."]
transform = Transform3D(1, 0, 0, 0, -4.37114e-08, 1, 0, -1, -4.37114e-08, -9.627846, 0, -10.159151)
visible = false
polygon = PackedVector2Array(-1.8704576, 3.6417255, 0.030448914, 6.083153, 3.1692352, 8.361553, 6.294688, 10.299801, 7.575799, 11.817871, 9.335779, 11.085932, 10.828085, 9.133411, 9.363243, 8.5028, 7.2541027, 6.2569866, 4.777767, 4.7996693, 2.7591705, 3.1319847, 2.3507972, 1.9732475, -0.2145958, 2.1700182)

[node name="Area3DTitleCard" type="Area3D" parent="."]
transform = Transform3D(0.4275155, 0, -0.90400773, 0, 1, 0, 0.90400773, 0, 0.4275155, 3, 0, -19)

[node name="CollisionShape3D" type="CollisionShape3D" parent="Area3DTitleCard"]
transform = Transform3D(0.9975866, 0, -0.06942567, 0, 1, 0, 0.06942567, 0, 0.9975866, -3.2112732, 2, -0.22348309)
shape = SubResource("BoxShape3D_3b5aq")

[node name="Path" type="Node3D" parent="."]
transform = Transform3D(1, 0, 0, 0, 1, 0, 0, 0, 1, 34, 0.5, -22)

[node name="Barriers" type="Node3D" parent="Path"]
visible = false

[node name="CSGBox3D" type="CSGBox3D" parent="Path/Barriers"]
transform = Transform3D(1, 0, 0, 0, 1, 0, 0, 0, 1, 4.291172, 2.4295654, -8.151897)
use_collision = true
size = Vector3(0.25585938, 1, 6.2682495)

[node name="CSGBox3D5" type="CSGBox3D" parent="Path/Barriers"]
