[gd_scene load_steps=11 format=3 uid="uid://csb64dawc7x4p"]

[ext_resource type="Script" uid="uid://by1dqsv4hw01p" path="res://scripts/scenes/level_1.gd" id="1_pdtm5"]
[ext_resource type="PackedScene" uid="uid://b15o4pkoogqs3" path="res://assets/model/enviornment/grass.blend" id="3_61w3m"]
[ext_resource type="PackedScene" uid="uid://kn6hbschf6xo" path="res://scenes/items/shards.tscn" id="3_b3oru"]
[ext_resource type="PackedScene" uid="uid://c60c2bj8ut5o4" path="res://assets/model/enviornment/mushroom.blend" id="4_pdpul"]
[ext_resource type="PackedScene" uid="uid://cgy2lvamut2sl" path="res://assets/model/enviornment/rubble_pile.blend" id="5_8hd6v"]
[ext_resource type="PackedScene" uid="uid://c8k8dm81jp0pu" path="res://assets/model/enviornment/mushroom_gray.blend" id="6_pdpul"]

[sub_resource type="BoxShape3D" id="BoxShape3D_sjb42"]
size = Vector3(7.24316, 5.76898, 1)

[sub_resource type="ProceduralSkyMaterial" id="ProceduralSkyMaterial_pdtm5"]
sky_top_color = Color(0.113725, 0.113725, 0.113725, 1)
sky_horizon_color = Color(0.113725, 0.113725, 0.113725, 1)
ground_bottom_color = Color(0.114897, 0.114897, 0.114897, 1)
ground_horizon_color = Color(0.113725, 0.113725, 0.113725, 1)

[sub_resource type="Sky" id="Sky_35bhh"]
sky_material = SubResource("ProceduralSkyMaterial_pdtm5")

[sub_resource type="Environment" id="Environment_b3oru"]
background_mode = 2
sky = SubResource("Sky_35bhh")
ambient_light_energy = 5.23

[node name="Level1" type="Node3D"]
script = ExtResource("1_pdtm5")

[node name="ForegroundTop" type="Node3D" parent="."]

[node name="CSGBox3D5" type="CSGBox3D" parent="ForegroundTop"]
transform = Transform3D(0.436492, -0.444019, 0.78251, 0.712795, 0.701372, 0.000374854, -0.548997, 0.557606, 0.622638, -2.76616, 10.1174, 1.10351)
size = Vector3(2.79016, 3.37061, 1)

[node name="CSGBox3D9" type="CSGBox3D" parent="ForegroundTop"]
transform = Transform3D(0.436492, -0.444019, 0.78251, 0.712795, 0.701372, 0.000374854, -0.548997, 0.557606, 0.622638, -5.93601, 8.19631, 4.34251)
size = Vector3(2.79016, 9.54187, 1)

[node name="CSGBox3D23" type="CSGBox3D" parent="ForegroundTop"]
transform = Transform3D(0.436492, -0.444019, 0.78251, 0.712795, 0.701372, 0.000374854, -0.548997, 0.557606, 0.622638, -7.6593, 7.31235, 5.63263)
size = Vector3(2.79016, 9.54187, 1)

[node name="CSGBox3D18" type="CSGBox3D" parent="ForegroundTop"]
transform = Transform3D(0.436492, -0.444019, 0.78251, 0.712795, 0.701372, 0.000374854, -0.548997, 0.557606, 0.622638, -4.3365, 9.98111, 2.33122)
size = Vector3(2.79016, 9.54187, 1)

[node name="CSGBox3D10" type="CSGBox3D" parent="ForegroundTop"]
transform = Transform3D(0.436492, -0.444019, 0.78251, 0.712795, 0.701372, 0.000374854, -0.548997, 0.557606, 0.622638, -5.17756, 11.3768, 4.75837)
size = Vector3(3.25836, 9.54187, 1)

[node name="CSGBox3D6" type="CSGBox3D" parent="ForegroundTop"]
transform = Transform3D(0.399715, -0.341191, 0.850774, 0.648768, 0.760986, 0.000374812, -0.647555, 0.551805, 0.525532, -1.48562, 10.4824, -0.568817)
size = Vector3(2.79016, 3.37061, 1)

[node name="CSGBox3D7" type="CSGBox3D" parent="ForegroundTop"]
transform = Transform3D(0.436492, -0.444019, 0.78251, 0.712795, 0.701372, 0.000374854, -0.548997, 0.557606, 0.622638, -3.81846, 8.6669, -2.97058)
size = Vector3(2.79016, 3.37061, 1)

[node name="CSGBox3D8" type="CSGBox3D" parent="ForegroundTop"]
transform = Transform3D(0.399715, -0.341191, 0.850774, 0.648768, 0.760986, 0.000374812, -0.647555, 0.551805, 0.525532, -2.49272, 9.10525, -4.71612)
size = Vector3(2.56403, 3.37061, 1)

[node name="CSGBox3D15" type="CSGBox3D" parent="ForegroundTop"]
transform = Transform3D(0.436492, -0.444019, 0.78251, 0.712795, 0.701372, 0.000374854, -0.548997, 0.557606, 0.622638, 5.76279, 13.306, -0.253069)
size = Vector3(10.4586, 3.37061, 1)

[node name="CSGBox3D17" type="CSGBox3D" parent="ForegroundTop"]
transform = Transform3D(0.60002, -0.166296, 0.78251, 0.266629, 0.963799, 0.000374854, -0.754245, 0.208415, 0.622638, 3.80437, 12.2323, 1.98253)
size = Vector3(5.04276, 3.29663, 1)

[node name="CSGBox3D16" type="CSGBox3D" parent="ForegroundTop"]
transform = Transform3D(0.399715, -0.341191, 0.850774, 0.648768, 0.760986, 0.000374812, -0.647555, 0.551805, 0.525532, 6.06199, 12.588, -1.89724)
size = Vector3(10.2419, 4.92053, 1)

[node name="ForegroundBottomSunBlock" type="Node3D" parent="."]

[node name="CSGBox3D28" type="CSGBox3D" parent="ForegroundBottomSunBlock"]
transform = Transform3D(1, 0, 0, 0, 1, 0, 0, 0, 1, 12.3042, 21.9657, -4.64424)
size = Vector3(11.0677, 0.745895, 17.9027)

[node name="CSGBox3D29" type="CSGBox3D" parent="ForegroundBottomSunBlock"]
transform = Transform3D(1, 0, 0, 0, 1, 0, 0, 0, 1, -2.76401, 21.9657, -26.2003)
size = Vector3(11.0677, 0.745895, 6.03925)

[node name="CSGBox3D33" type="CSGBox3D" parent="ForegroundBottomSunBlock"]
transform = Transform3D(1, 0, 0, 0, 1, 0, 0, 0, 1, -1.72215, 16.0041, 2.3126)
size = Vector3(10.2181, 0.745895, 5.4827)

[node name="CSGBox3D34" type="CSGBox3D" parent="ForegroundBottomSunBlock"]
transform = Transform3D(0.732769, 0, 0.680478, 0, 1, 0, -0.680478, 0, 0.732769, 1.6826, 17.6752, 4.11852)
size = Vector3(10.2181, 0.745895, 5.4827)

[node name="ForegroundBottom" type="Node3D" parent="."]

[node name="CSGBox3D24" type="CSGBox3D" parent="ForegroundBottom"]
transform = Transform3D(0.0607813, -0.814411, 0.577096, 0.67429, 0.459797, 0.577858, -0.735961, 0.354007, 0.577096, 8.75735, 5.10972, -0.785912)
size = Vector3(2.35941, 4.92053, 1)

[node name="CSGBox3D29" type="CSGBox3D" parent="ForegroundBottom"]
transform = Transform3D(0.592653, -0.561892, 0.577096, 0.189859, 0.793747, 0.577858, -0.782762, -0.232902, 0.577096, 1.74987, 1.96584, 9.3696)
size = Vector3(5.33228, 5.58316, 1)

[node name="CSGBox3D31" type="CSGBox3D" parent="ForegroundBottom"]
transform = Transform3D(0.44409, -0.685378, 0.577096, 0.370988, 0.726944, 0.577858, -0.815568, -0.042525, 0.577096, -0.902982, 3.81743, 10.1684)
size = Vector3(5.66236, 2.89581, 1)

[node name="CSGBox3D32" type="CSGBox3D" parent="ForegroundBottom"]
transform = Transform3D(0.44409, -0.685378, 0.577096, 0.370988, 0.726944, 0.577858, -0.815568, -0.042525, 0.577096, -3.81914, 6.42743, 10.4711)
size = Vector3(5.25904, 6.20486, 1)

[node name="CSGBox3D30" type="CSGBox3D" parent="ForegroundBottom"]
transform = Transform3D(0.708649, -0.405926, 0.577096, -0.00309083, 0.816132, 0.577858, -0.705554, -0.411282, 0.577096, 4.00471, 0.706359, 8.37591)
size = Vector3(2.38295, 5.22281, 1)

[node name="CSGBox3D35" type="CSGBox3D" parent="ForegroundBottom"]
transform = Transform3D(0.592653, -0.561892, 0.577096, 0.189859, 0.793747, 0.577858, -0.782762, -0.232902, 0.577096, 2.65633, 3.02814, 7.39944)
size = Vector3(2.72573, 1.16396, 1)

[node name="CSGBox3D27" type="CSGBox3D" parent="ForegroundBottom"]
transform = Transform3D(0.0607813, -0.814411, 0.577096, 0.67429, 0.459797, 0.577858, -0.735961, 0.354007, 0.577096, 8.32531, 2.66821, 1.84776)
size = Vector3(2.35941, 4.92053, 1)

[node name="CSGBox3D36" type="CSGBox3D" parent="ForegroundBottom"]
transform = Transform3D(-0.415192, -0.70326, 0.577096, 0.816102, -0.00762067, 0.577858, -0.401986, 0.710891, 0.577096, 9.96956, 0.574477, 2.30001)
size = Vector3(4.83485, 4.92053, 1)

[node name="CSGBox3D37" type="CSGBox3D" parent="ForegroundBottom"]
transform = Transform3D(-0.787944, -0.214718, 0.577096, 0.579759, -0.574421, 0.577858, 0.20742, 0.789896, 0.577096, 6.61836, 1.75575, 4.46837)
size = Vector3(4.83485, 4.92053, 1)

[node name="CSGBox3D38" type="CSGBox3D" parent="ForegroundBottom"]
transform = Transform3D(-0.803591, -0.145605, 0.577096, 0.527782, -0.622516, 0.577858, 0.275113, 0.768943, 0.577096, 5.03871, 1.18524, 6.61929)
size = Vector3(4.83485, 4.92053, 1)

[node name="CSGBox3D26" type="CSGBox3D" parent="ForegroundBottom"]
transform = Transform3D(0.700279, -0.420201, 0.577096, 0.0134461, 0.816027, 0.577858, -0.713743, -0.396902, 0.577096, 9.53288, 3.65232, -0.0938769)
size = Vector3(5.63819, 4.49065, 1)

[node name="CSGBox3D25" type="CSGBox3D" parent="ForegroundBottom"]
transform = Transform3D(0.00730068, -0.816643, 0.577096, 0.702962, 0.414638, 0.577857, -0.71119, 0.401458, 0.577096, 10.9003, 4.95491, -3.01697)
size = Vector3(2.35941, 4.92053, 1)

[node name="CSGBox3D10" type="CSGBox3D" parent="ForegroundBottom"]
transform = Transform3D(0.795069, -0.093064, 0.599337, 0.0568952, 0.995245, 0.0790639, -0.603845, -0.0287618, 0.796583, 8.4422, 7.24815, -7.57167)
size = Vector3(5.45108, 12.7749, 1)

[node name="CSGBox3D15" type="CSGBox3D" parent="ForegroundBottom"]
transform = Transform3D(0.672991, -0.43345, 0.599337, 0.489062, 0.868658, 0.0790639, -0.55489, 0.239904, 0.796583, 6.17122, 11.1796, -7.38211)
size = Vector3(5.43324, 4.29869, 1)

[node name="CSGBox3D16" type="CSGBox3D" parent="ForegroundBottom"]
transform = Transform3D(-4.37114e-08, -0.994286, 0.10675, 1, -4.34616e-08, 4.66619e-09, 0, 0.10675, 0.994286, 0.00906694, 10.4331, -11.1354)
use_collision = true
size = Vector3(3.59488, 7.71203, 1)

[node name="CSGBox3D17" type="CSGBox3D" parent="ForegroundBottom"]
transform = Transform3D(-4.37114e-08, -0.994286, 0.10675, 1, -4.34616e-08, 4.66619e-09, 0, 0.10675, 0.994286, 0.00906694, 10.4331, -11.1354)
use_collision = true
size = Vector3(3.59488, 7.71203, 1)

[node name="CSGBox3D18" type="CSGBox3D" parent="ForegroundBottom"]
transform = Transform3D(-4.37114e-08, -0.994286, 0.10675, 1, -4.34616e-08, 4.66619e-09, 0, 0.10675, 0.994286, -1.03185, 9.79767, -11.0237)
use_collision = true
size = Vector3(4.8658, 5.61822, 1)

[node name="CSGBox3D21" type="CSGBox3D" parent="ForegroundBottom"]
transform = Transform3D(-4.37114e-08, -0.994286, 0.10675, 1, -4.34616e-08, 4.66619e-09, 0, 0.10675, 0.994286, -0.12528896, 11.225302, -18.204723)
use_collision = true
size = Vector3(2.0105367, 8.954129, 15.086426)

[node name="CSGBox3D19" type="CSGBox3D" parent="ForegroundBottom"]
transform = Transform3D(-4.37114e-08, -0.994286, 0.10675, 1, -4.34616e-08, 4.66619e-09, 0, 0.10675, 0.994286, 1.69766, 7.50738, -11.6987)
use_collision = true
size = Vector3(2.89908, 2.01752, 0.001)

[node name="CSGBox3D20" type="CSGBox3D" parent="ForegroundBottom"]
transform = Transform3D(-4.37114e-08, -0.994286, 0.10675, 1, -4.34616e-08, 4.66619e-09, 0, 0.10675, 0.994286, -2.81771, 4.50957, -11.2139)
use_collision = true
size = Vector3(2.89908, 2.01752, 0.001)

[node name="Lights" type="Node3D" parent="."]

[node name="SpotLight3D" type="SpotLight3D" parent="Lights"]
transform = Transform3D(0.9937909, 0.0038053063, -0.1111959, 0.10422601, 0.3178838, 0.9423835, 0.0389334, -0.9481218, 0.31551412, 0.171949, 9.77802, 0.785365)
light_color = Color(0.115771405, 0.6503127, 0.7946844, 1)
light_energy = 4.064
spot_range = 10.2273
spot_angle = 32.3002

[node name="SpotLight3D2" type="SpotLight3D" parent="Lights"]
transform = Transform3D(0.937993, -0.293961, 0.183731, 0.013646, 0.560911, 0.827763, -0.346387, -0.773929, 0.530142, -0.564283, 13.4645, 1.44946)
spot_range = 8.25297
spot_angle = 37.5459

[node name="SpotLight3D4" type="SpotLight3D" parent="Lights"]
transform = Transform3D(0.774104, 0.0309194, 0.632303, 0.0539599, 0.991949, -0.114567, -0.630755, 0.122806, 0.766203, 10.2437, 12.1382, 1.76604)
light_energy = 0.072
spot_range = 6.94459
spot_angle = 59.4963

[node name="SpotLight3D3" type="SpotLight3D" parent="Lights"]
transform = Transform3D(0.973626, -0.205785, 0.0985173, 0.0239915, 0.521757, 0.852757, -0.226887, -0.827902, 0.512933, -3.15827, 11.499, 7.32051)
light_energy = 0.768
spot_range = 13.3131
spot_angle = 22.0724

[node name="OmniLight3D" type="OmniLight3D" parent="Lights"]
transform = Transform3D(1, 0, 0, 0, 1, 0, 0, 0, 1, 0, 1.13606, -16.0606)
light_color = Color(0.314773, 0.474335, 0.923773, 1)
light_specular = 0.0
shadow_enabled = true
omni_range = 17.4794

[node name="SpotLight3D5" type="SpotLight3D" parent="Lights"]
transform = Transform3D(1, 0, 0, 0, 0.828901, 0.559395, 0, -0.559395, 0.828901, 0, 6.33592, -2.05005)
visible = false
light_color = Color(0.556863, 0.643137, 0.635294, 1)
light_energy = 10.906
spot_range = 7.55239
spot_angle = 41.0846

[node name="Barriers" type="Node3D" parent="."]

[node name="CSGBox3D" type="CSGBox3D" parent="Barriers"]
transform = Transform3D(1, 0, 0, 0, 1, 0, 0, 0, 1, 4.0959, 2.59947, -0.106664)
visible = false
use_collision = true
size = Vector3(0.168945, 2.479, 6.94537)

[node name="CSGBox3D2" type="CSGBox3D" parent="Barriers"]
transform = Transform3D(1, 0, 0, 0, 1, 0, 0, 0, 1, -4.0495, 2.59947, 0.017359)
visible = false
use_collision = true
size = Vector3(0.168945, 2.479, 6.69733)

[node name="CSGBox3D4" type="CSGBox3D" parent="Barriers"]
transform = Transform3D(1, 0, 0, 0, 1, 0, 0, 0, 1, -1.92722, 1.93163, -6.70042)
visible = false
use_collision = true
size = Vector3(0.168945, 3.8147, 5.30911)

[node name="CSGBox3D5" type="CSGBox3D" parent="Barriers"]
transform = Transform3D(1, 0, 0, 0, 1, 0, 0, 0, 1, 2.00833, 1.93163, -6.70042)
visible = false
use_collision = true
size = Vector3(0.168945, 3.8147, 5.30911)

[node name="CSGBox3D6" type="CSGBox3D" parent="Barriers"]
transform = Transform3D(1, 0, 0, 0, 1, 0, 0, 0, 1, 2.90695, 1.93163, -4.11783)
visible = false
use_collision = true
size = Vector3(1.96619, 3.8147, 0.143929)

[node name="CSGBox3D7" type="CSGBox3D" parent="Barriers"]
transform = Transform3D(1, 0, 0, 0, 1, 0, 0, 0, 1, -2.84452, 1.93163, -4.11783)
visible = false
use_collision = true
size = Vector3(1.96619, 3.8147, 0.143929)

[node name="CSGBox3D3" type="CSGBox3D" parent="Barriers"]
transform = Transform3D(-4.37114e-08, 0, 1, 0, 1, 0, -1, 0, -4.37114e-08, -0.0229624, 2.59947, 4.14758)
visible = false
use_collision = true
size = Vector3(0.168945, 2.479, 7.05426)

[node name="CSGBox3D8" type="CSGBox3D" parent="Barriers"]
transform = Transform3D(0.969411, 0, 0.245443, 0, 1, 0, -0.245443, 0, 0.969411, 0.661108, 2.59947, 3.3205)
visible = false
use_collision = true
size = Vector3(0.168945, 2.479, 3.19582)

[node name="CSGBox3D9" type="CSGBox3D" parent="Barriers"]
transform = Transform3D(0.343053, 0, 0.939316, 0, 1, 0, -0.939316, 0, 0.343053, -2.52997, 2.59947, 1.96108)
visible = false
use_collision = true
size = Vector3(0.168945, 2.479, 3.19582)

[node name="CSGBox3D10" type="CSGBox3D" parent="Barriers"]
transform = Transform3D(0.825606, 0, 0.564247, 0, 1, 0, -0.564247, 0, 0.825606, 3.58026, 2.59947, 0.175157)
visible = false
use_collision = true
size = Vector3(0.168945, 2.479, 3.19582)

[node name="Level" type="Node3D" parent="."]

[node name="CSGBox3D" type="CSGBox3D" parent="Level"]
transform = Transform3D(1, 0, 0, 0, 1, 0, 0, 0, 1, 0, 1, 0)
use_collision = true
size = Vector3(7, 1, 7)

[node name="CSGBox3D5" type="CSGBox3D" parent="Level"]
transform = Transform3D(0.991411, -0.130786, 0, 0.130786, 0.991411, 0, 0, 0, 1, 1.89678, 1.25495, -12.7163)
use_collision = true
size = Vector3(1.1236, 3.51535, 6.43262)

[node name="CSGBox3D7" type="CSGBox3D" parent="Level"]
transform = Transform3D(0.899169, -0.437602, 0, 0.437602, 0.899169, 0, 0, 0, 1, 0.894112, 3.94591, -10)
use_collision = true
size = Vector3(1.62891, 2.74364, 1)

[node name="CSGBox3D8" type="CSGBox3D" parent="Level"]
transform = Transform3D(0.648598, -0.761131, 0, 0.761131, 0.648598, 0, 0, 0, 1, -0.946801, 4.33686, -10)
use_collision = true
size = Vector3(1.62891, 3.03601, 1)

[node name="CSGBox3D6" type="CSGBox3D" parent="Level"]
transform = Transform3D(0.986426, 0.164204, 0, -0.164204, 0.986426, 0, 0, 0, 1, -1.73943, 0.825499, -13.0695)
use_collision = true
size = Vector3(1, 3.03601, 7.13892)

[node name="CSGBox3D9" type="CSGBox3D" parent="Level"]
transform = Transform3D(0.8841, 0.467297, 0, -0.467297, 0.8841, 0, 0, 0, 1, -1.32003, 2.5697, -10)
use_collision = true
size = Vector3(1, 3.03601, 1)

[node name="CSGBox3D22" type="CSGBox3D" parent="Level"]
transform = Transform3D(1, 0, 0, 0, 0.983581, 0.180468, 0, -0.180468, 0.983581, 0, -0.214842, -10.026)
use_collision = true
size = Vector3(3, 1, 13.4507)

[node name="CSGBox3D2" type="CSGBox3D" parent="Level"]
transform = Transform3D(0.707102, -0.00246826, 0.707107, 0.00349065, 0.999994, 0, -0.707102, 0.00246826, 0.707107, -0.910948, 5.99835, 2.29615)
use_collision = true
size = Vector3(1, 11, 1)

[node name="CSGBox3D3" type="CSGBox3D" parent="Level"]
transform = Transform3D(0.426777, -0.183013, 0.885646, 0.683013, 0.707107, -0.183013, -0.592752, 0.683013, 0.426777, 3.40599, 1.87117, -1.64916)
use_collision = true
size = Vector3(2, 1.97266, 1)

[node name="CSGBox3D11" type="CSGBox3D" parent="Level"]
transform = Transform3D(0.045154, -0.500887, 0.864334, 0.804118, 0.531606, 0.266061, -0.592752, 0.683013, 0.426777, 3.38694, 1.44553, -0.712979)
use_collision = true
size = Vector3(1.3739, 1.31836, 1)

[node name="CSGBox3D12" type="CSGBox3D" parent="Level"]
transform = Transform3D(-0.720691, 0.693161, -0.0114859, 0.65156, 0.671593, -0.352749, -0.236798, -0.261707, -0.935647, -0.385608, 1.478, 3.11074)
use_collision = true
size = Vector3(1.84595, 1.80054, 1)

[node name="CSGBox3D19" type="CSGBox3D" parent="Level"]
transform = Transform3D(-0.591304, 0.623612, 0.511339, 0.677567, 0.728022, -0.104343, -0.437336, 0.284768, -0.853021, -1.64076, 1.45376, 2.50065)
use_collision = true
size = Vector3(1.28845, 2.53875, 1)

[node name="CSGBox3D13" type="CSGBox3D" parent="Level"]
transform = Transform3D(-0.315425, 0.60148, -0.733981, 0.830795, 0.548804, 0.0927018, 0.45857, -0.580548, -0.672813, 0.343123, 1.13052, 2.37273)
use_collision = true
size = Vector3(1.3739, 1.31836, 1)

[node name="CSGBox3D14" type="CSGBox3D" parent="Level"]
transform = Transform3D(-0.599253, 0.516214, -0.611899, 0.787204, 0.518995, -0.333098, 0.145623, -0.681299, -0.717375, -2.90535, 1.62712, -2.92749)
use_collision = true
size = Vector3(1.3739, 1.31836, 1)

[node name="CSGBox3D21" type="CSGBox3D" parent="Level"]
transform = Transform3D(0.109117, -0.648834, -0.753065, 0.787204, 0.518995, -0.333098, 0.606962, -0.55647, 0.567396, -3.77209, 1.62712, 0.816915)
use_collision = true
size = Vector3(1.3739, 1.31836, 1)

[node name="CSGBox3D20" type="CSGBox3D" parent="Level"]
transform = Transform3D(-0.20649, -0.287132, -0.93537, 0.787204, 0.518995, -0.333098, 0.581095, -0.805109, 0.118864, -3.81794, 1.68064, 1.87787)
use_collision = true
size = Vector3(2.16656, 1.86035, 1)

[node name="CSGBox3D4" type="CSGBox3D" parent="Level"]
transform = Transform3D(0.426777, -0.183013, 0.885646, 0.683013, 0.707107, -0.183013, -0.592752, 0.683013, 0.426777, -3.59401, 1.87117, -1.64916)
use_collision = true
size = Vector3(2, 1.97266, 1)

[node name="CSGPolygon3D" type="CSGPolygon3D" parent="Level"]
transform = Transform3D(0.707107, 0, 0.707107, 0, 1, 0, -0.707107, 0, 0.707107, -0.340204, 1, 2.449)
use_collision = true
polygon = PackedVector2Array(0, 0, -0.0188363, 9.00306, 0.700557, 3.97813, 1, 0, 1, 0)

[node name="Area3D" type="Area3D" parent="."]
transform = Transform3D(1, 0, 0, 0, 1, 0, 0, 0, 1, 0, 0, -12.5642)

[node name="CollisionShape3D" type="CollisionShape3D" parent="Area3D"]
transform = Transform3D(1, 0, 0, 0, 1, 0, 0, 0, 1, 0, 0.830476, 0.868394)
shape = SubResource("BoxShape3D_sjb42")

[node name="Shards" parent="." instance=ExtResource("3_b3oru")]
transform = Transform3D(1, 0, 0, 0, 1, 0, 0, 0, 1, -1.0024419, 2.0685785, 0.88278997)

[node name="WorldEnvironment" type="WorldEnvironment" parent="."]
environment = SubResource("Environment_b3oru")

[node name="DirectionalLight3D" type="DirectionalLight3D" parent="."]
transform = Transform3D(0.0944441, -0.99020416, 0.102840036, -0.57635343, 0.029844077, 0.81665564, -0.8117249, -0.13640048, -0.5678889, 0, 2.4778447, 0)
light_color = Color(0.8694981, 0.96362156, 0.9389185, 1)
shadow_enabled = true

[node name="Decoration" type="Node3D" parent="."]

[node name="grass" parent="Decoration" instance=ExtResource("3_61w3m")]
transform = Transform3D(0.88, 0, 0, 0, 1.115, 0, 0, 0, 0.84, 0, 1.1264448, 0)

[node name="mushroom" parent="Decoration" instance=ExtResource("4_pdpul")]
transform = Transform3D(1, 0, 0, 0, 1, 0, 0, 0, 1, 1.7011738, 1.4810688, -0.70826167)

[node name="mushroom2" parent="Decoration" instance=ExtResource("4_pdpul")]
transform = Transform3D(0.9868863, 0.15816154, 0.032256193, -0.15788855, 0.98739725, -0.010857899, -0.03356699, 0.0056226403, 0.99942064, 1.1595973, 1.5360749, -1.5506084)

[node name="mushroom3" parent="Decoration" instance=ExtResource("4_pdpul")]
transform = Transform3D(0.036696017, 0, -0.99932647, 0, 1, 0, 0.99932647, 0, 0.036696017, -1.4365172, 1.4930748, -0.3795874)

[node name="mushroom4" parent="Decoration" instance=ExtResource("4_pdpul")]
transform = Transform3D(0.069759175, 0.0001850347, -0.99756384, -0.15788855, 0.98739725, -0.010857899, 0.98498994, 0.15826134, 0.06890923, 0.040363193, 1.5467695, -1.2485721)

[node name="mushroom5" parent="Decoration" instance=ExtResource("4_pdpul")]
transform = Transform3D(-0.9855602, -0.15689446, 0.063682534, -0.15788852, 0.9873972, -0.010857897, -0.061176434, -0.020755878, -0.997911, -0.5222299, 1.5467695, -2.5353622)

[node name="mushroom6" parent="Decoration" instance=ExtResource("4_pdpul")]
transform = Transform3D(-0.9574295, -0.09889106, 0.2712001, -0.16782357, 0.9550903, -0.24420808, -0.23487069, -0.2793258, -0.93102765, 0.35342473, 1.4675756, 1.0961396)

[node name="mushroom7" parent="Decoration" instance=ExtResource("4_pdpul")]
transform = Transform3D(-0.95703954, 0.032963388, 0.2880784, 0.06669203, 0.9919045, 0.10806196, -0.28218433, 0.12263209, -0.95148987, 1.7978208, 1.5467693, 1.0338675)

[node name="mushroom8" parent="Decoration" instance=ExtResource("4_pdpul")]
transform = Transform3D(0.6587465, -0.09008298, 0.74695253, -0.014026688, 0.991163, 0.1319052, -0.7522346, -0.09736934, 0.65166134, 0.9881823, 1.5467693, 1.2569872)

[node name="rubble_pile" parent="Decoration" instance=ExtResource("5_8hd6v")]
transform = Transform3D(0.99674803, 0.08029337, -0.0068101683, -0.08058166, 0.99318206, -0.08423781, 0, 0.084512636, 0.9964224, 1.5903144, 1.5025048, -1.1526705)

[node name="rubble_pile2" parent="Decoration" instance=ExtResource("5_8hd6v")]
transform = Transform3D(0.99674803, 0.08029337, -0.0068101683, -0.08058166, 0.99318206, -0.08423781, 0, 0.084512636, 0.9964224, 1.4280567, 1.5025048, 1.1049573)

[node name="rubble_pile3" parent="Decoration" instance=ExtResource("5_8hd6v")]
transform = Transform3D(0.99674803, 0.08029337, -0.0068101683, -0.08058166, 0.99318206, -0.08423781, 0, 0.084512636, 0.9964224, -0.3343261, 1.502505, -1.2792695)

[node name="rubble_pile4" parent="Decoration" instance=ExtResource("5_8hd6v")]
transform = Transform3D(-0.41788658, -0.0079509765, 0.90846443, -0.10192066, 0.9940595, -0.03818259, -0.9027642, -0.10854731, -0.4162145, -1.6983893, 1.5139688, -0.16994)

[node name="mushroom_gray" parent="Decoration" instance=ExtResource("6_pdpul")]
transform = Transform3D(0.9688691, -0.24757403, 0, 0.24261768, 0.94947267, 0.19909431, -0.049290568, -0.19289628, 0.97998035, 1.2961961, 0.3861332, -9.681387)

[node name="mushroom_gray2" parent="Decoration" instance=ExtResource("6_pdpul")]
transform = Transform3D(0.68700427, -0.3130554, 0.6557602, 0.24261768, 0.94947267, 0.19909433, -0.684954, 0.022320434, 0.7282445, 1.4496535, 0.3861332, -9.314117)

[node name="mushroom_gray3" parent="Decoration" instance=ExtResource("6_pdpul")]
transform = Transform3D(0.9688691, -0.24757403, 0, 0.24261768, 0.94947267, 0.19909431, -0.049290568, -0.19289628, 0.97998035, 1.0929989, 0.32482302, -9.906156)

[node name="mushroom_gray4" parent="Decoration" instance=ExtResource("6_pdpul")]
transform = Transform3D(0.68700427, -0.3130554, 0.6557602, 0.24261768, 0.94947267, 0.19909433, -0.684954, 0.022320434, 0.7282445, 1.2464563, 0.3861332, -9.538886)

[node name="mushroom_gray5" parent="Decoration" instance=ExtResource("6_pdpul")]
transform = Transform3D(-0.8842447, 0.13201393, 0.44797742, 0.15118104, 0.9884806, 0.0071160495, -0.4418776, 0.074018, -0.8940166, -0.9934554, 0.21546781, -10.494792)

[node name="mushroom_gray6" parent="Decoration" instance=ExtResource("6_pdpul")]
transform = Transform3D(-0.9241341, 0.28863484, -0.25033167, 0.30038217, 0.95377475, -0.009190798, 0.23610742, -0.083688825, -0.9681165, -0.9458035, 0.11805987, -11.024388)

[node name="mushroom_gray8" parent="Decoration" instance=ExtResource("6_pdpul")]
transform = Transform3D(0.22843796, -0.08129307, -0.97015846, 0.30038214, 0.9537747, -0.009190795, 0.9260596, -0.28931868, 0.24229707, -0.97522545, 1.1973367, -5.005118)

[node name="mushroom_gray9" parent="Decoration" instance=ExtResource("6_pdpul")]
transform = Transform3D(-0.8872548, 0.27586985, -0.3696948, 0.40117806, 0.8570625, -0.32326508, 0.22767253, -0.4351321, -0.8711059, -0.9133922, 1.1894821, -5.1823297)

[node name="mushroom_gray10" parent="Decoration" instance=ExtResource("6_pdpul")]
transform = Transform3D(0.5933045, -0.08129309, 0.8008625, -0.18693778, 0.95377487, 0.23530439, -0.7829712, -0.2893187, 0.5506823, 0.44930363, 0.848956, -6.8043504)

[node name="mushroom_gray12" parent="Decoration" instance=ExtResource("6_pdpul")]
transform = Transform3D(0.6025438, 0.23969108, 0.7612417, -0.06984138, 0.9660118, -0.24888496, -0.79502404, 0.09679799, 0.598805, 0.9305367, 1.0633316, -5.6911473)

[node name="mushroom_gray11" parent="Decoration" instance=ExtResource("6_pdpul")]
transform = Transform3D(0.855195, 0.27586985, -0.43879092, -0.012196392, 0.8570627, 0.5150683, 0.5181626, -0.43513215, 0.73632, 0.5190496, 0.84114385, -6.994043)

[node name="mushroom_gray7" parent="Decoration" instance=ExtResource("6_pdpul")]
transform = Transform3D(-0.8842447, 0.13201393, 0.44797742, 0.15118104, 0.9884806, 0.0071160495, -0.4418776, 0.074018, -0.8940166, -1.2101495, 0.21851918, -10.2917185)

[connection signal="body_entered" from="Area3D" to="." method="_on_area_3d_body_entered"]
[connection signal="body_entered" from="Area3D" to="Area3D" method="_on_body_entered"]
