[gd_scene load_steps=25 format=3 uid="uid://40hbudsqa3hu"]

[ext_resource type="Script" uid="uid://dglf5r2r6vt88" path="res://scripts/scenes/level_4.gd" id="1_cqjvr"]
[ext_resource type="PackedScene" uid="uid://duydi7lytqxks" path="res://scenes/enviornment/CaveEnv.tscn" id="1_rxes3"]
[ext_resource type="Script" uid="uid://cmyasc1t8l0la" path="res://addons/controller_icons/objects/ControllerIconTexture.gd" id="3_1jw75"]
[ext_resource type="PackedScene" uid="uid://d08s342gfjw8u" path="res://entities/zert/zert.tscn" id="3_3cb6x"]
[ext_resource type="FontFile" uid="uid://d25dq4tmt7ywp" path="res://assets/font/NebulaSans-Black.ttf" id="4_8s3b3"]

[sub_resource type="StandardMaterial3D" id="StandardMaterial3D_cqjvr"]
albedo_color = Color(0.4904529, 0.27618694, 0.06348612, 1)

[sub_resource type="BoxShape3D" id="BoxShape3D_lpgdq"]
size = Vector3(2.5307007, 0.8076172, 4.0786133)

[sub_resource type="StandardMaterial3D" id="StandardMaterial3D_3cb6x"]
albedo_color = Color(0.39688924, 0.39688927, 0.3968891, 1)
emission = Color(0.24415788, 0.5749604, 0.6892473, 1)

[sub_resource type="StandardMaterial3D" id="StandardMaterial3D_cc5tm"]
albedo_color = Color(0.39688924, 0.39688927, 0.3968891, 1)
emission = Color(0.76862746, 0.22745098, 0.38039216, 1)
emission_on_uv2 = true

[sub_resource type="StandardMaterial3D" id="StandardMaterial3D_lpgdq"]
albedo_color = Color(0, 0, 0, 1)

[sub_resource type="CylinderMesh" id="CylinderMesh_1jw75"]
material = SubResource("StandardMaterial3D_lpgdq")
height = 0.9
radial_segments = 5
rings = 1

[sub_resource type="StandardMaterial3D" id="StandardMaterial3D_8s3b3"]
albedo_color = Color(0.20741189, 0.5061861, 0.59679264, 1)
emission_enabled = true
emission = Color(0.20784314, 0.5058824, 0.59607846, 1)

[sub_resource type="CylinderMesh" id="CylinderMesh_mj76i"]
material = SubResource("StandardMaterial3D_8s3b3")
top_radius = 0.4
bottom_radius = 0.4
height = 0.9
radial_segments = 5
rings = 1

[sub_resource type="ConvexPolygonShape3D" id="ConvexPolygonShape3D_3cb6x"]
points = PackedVector3Array(-0.46208173, -0.43756422, 0.113195986, 0.46911892, 0.45, 0.158217, 0.47007596, -0.44519788, 0.15844111, 0.294893, -0.44694325, -0.40144327, -0.2931654, 0.45, -0.3987857, -0.014415058, 0.444026, 0.48952597, 0.01448918, -0.43825784, 0.48947212, 0.29315066, 0.45, -0.3987857, -0.46913365, 0.45, 0.158217, -0.29489788, -0.44692823, -0.40142825, -0.47007954, -0.44518727, 0.1584385, 0.01448918, 0.44397214, 0.48947212, -0.014415058, -0.4383117, 0.48952597, 0.46211177, 0.4433212, 0.1132885, -0.46208173, 0.44327852, 0.113195986, 0.46211177, -0.4376069, 0.1132885, 0.30603915, 0.44750932, -0.36713326, -0.3060633, 0.447523, -0.36705896, 0.4148868, 0.4392298, 0.19854176, -0.4148917, 0.43921944, 0.1985382)

[sub_resource type="SphereShape3D" id="SphereShape3D_3cb6x"]
radius = 1.8635991

[sub_resource type="ViewportTexture" id="ViewportTexture_cc5tm"]
viewport_path = NodePath("DrawBridge/ElectricalBox/SubViewport")

[sub_resource type="Texture2D" id="Texture2D_mj76i"]
resource_local_to_scene = false
resource_name = ""
script = ExtResource("3_1jw75")
path = "attack"
metadata/_custom_type_script = "uid://cmyasc1t8l0la"

[sub_resource type="StandardMaterial3D" id="StandardMaterial3D_mdw0g"]
albedo_color = Color(0.20741189, 0.5061861, 0.59679264, 1)
emission_enabled = true
emission = Color(0.7882353, 0.21568628, 0.36862746, 1)

[sub_resource type="CylinderMesh" id="CylinderMesh_cc5tm"]
material = SubResource("StandardMaterial3D_mdw0g")
top_radius = 0.4
bottom_radius = 0.4
height = 0.9
radial_segments = 5
rings = 1

[sub_resource type="ViewportTexture" id="ViewportTexture_naavy"]
viewport_path = NodePath("DrawBridge/ElectricalBox2/SubViewport")

[sub_resource type="BoxShape3D" id="BoxShape3D_cqjvr"]
size = Vector3(9.717831, 5.8031006, 7.668268)

[sub_resource type="NavigationMesh" id="NavigationMesh_3cb6x"]
vertices = PackedVector3Array(-0.24830341, 0.49999952, -19.227022, 0.5016966, 0.49999952, -19.477022, -0.4983034, 0.49999952, -20.977022, -1.9983034, 0.49999952, -21.477022, -3.4983034, 0.49999952, -19.727022, -2.7483034, 0.49999952, -16.477022, -9.248303, 0.49999952, -16.227022, -6.2483034, 0.49999952, -14.477022, -10.998303, 0.49999952, -13.977022, -9.998303, 0.49999952, -12.727022, -7.4983034, 0.49999952, -12.727022)
polygons = [PackedInt32Array(1, 0, 2), PackedInt32Array(2, 0, 3), PackedInt32Array(3, 0, 4), PackedInt32Array(0, 5, 4), PackedInt32Array(4, 5, 7), PackedInt32Array(4, 7, 6), PackedInt32Array(9, 8, 10), PackedInt32Array(10, 8, 6), PackedInt32Array(10, 6, 7)]

[sub_resource type="BoxShape3D" id="BoxShape3D_3cb6x"]
size = Vector3(5.667, 3.044, 1)

[sub_resource type="BoxShape3D" id="BoxShape3D_1jw75"]
size = Vector3(1, 3.91, 4.57)

[node name="Level4" type="Node3D"]
script = ExtResource("1_cqjvr")

[node name="CSGPolygon3D" type="CSGPolygon3D" parent="."]
transform = Transform3D(1, 0, 0, 0, -4.37114e-08, 1, 0, -1, -4.37114e-08, -20, 0, 0)
use_collision = true
polygon = PackedVector2Array(-13.9361, 9.72695, 0.947796, 16.1574, 12.3636, 12.6893, 16.8432, 5.53634, 13.5549, -3.79754, 4.93547, -7.14623, -4.8977, -7.35448, -10.9015, -3.20613, -11.2628, 2.57402, -13.9361, 6.90913, -15.7424, 9.5102)

[node name="CSGPolygon3D2" type="CSGPolygon3D" parent="."]
transform = Transform3D(1, 0, 0, 0, -4.37114e-08, 1, 0, -1, -4.37114e-08, -20, -1.5656185, 0)
use_collision = true
polygon = PackedVector2Array(12.738083, 11.193797, 14.899561, 7.427371, 13.906921, 5.42607, 14.976094, 2.5117517, 13.10458, 0.38588572, 12.143208, -2.9315467, 8.250671, -3.1527195, 6.0742626, -5.455908, 2.34243, -5.171855, -0.87999153, -6.537719, -4.959385, -5.3139067)
depth = 2.71

[node name="CSGPolygon3DIsland4_2" type="CSGPolygon3D" parent="."]
transform = Transform3D(1, 0, 0, 0, -4.37114e-08, 1, 0, -1, -4.37114e-08, 0, 0, 0)
visible = false
polygon = PackedVector2Array(4.4032, 43.201, -6.85971, 34.1139, -2.8921, 22.723, 8.24282, 13.5079, 26.4171, 12.356, 44.3353, 19.5233, 45.4872, 26.3067, 37.936, 28.8664, 24.3693, 34.4979, 20.5296, 38.4655, 12.8504, 42.6891)

[node name="CSGPolygon3D4" type="CSGPolygon3D" parent="."]
transform = Transform3D(1, 0, 0, 0, -4.37114e-08, 1, 0, -1, -4.37114e-08, 0, -2.0072792, 8.774098e-08)
polygon = PackedVector2Array(-1.6039362, 23.454134, 2.5445967, 22.748, 3.2507277, 18.864267, 7.934534, 17.274418, 10.847334, 14.273352, 15.966799, 15.420818, 21.615862, 13.390686, 25.146528, 15.420818, 20.596394, 23.023527)
depth = 3.12

[node name="CSGPolygon3D3" type="CSGPolygon3D" parent="."]
transform = Transform3D(1, 0, 0, 0, -4.37114e-08, 1, 0, -1, -4.37114e-08, 11.671336, 6.55671e-07, 8.472625)
use_collision = true
polygon = PackedVector2Array(-3.885707, 12.91299, -4.7803254, 9.869871, -6.6523247, 8.905175, -6.984969, 4.559147, -8.718893, 2.8974032, -4.406473, -0.309206, 0.76501656, -1.0878315, 5.9878426, 0.3250723, 7.858179, 3.9931445, 7.9287434, 10.231067, 3.633747, 12.161244, 0.10993767, 14.622322)

[node name="CSGPolygon3D5" type="CSGPolygon3D" parent="."]
transform = Transform3D(1, 0, 0, 0, -4.37114e-08, 1, 0, -1, -4.37114e-08, 11.671336, -1.7420051, 8.472625)
polygon = PackedVector2Array(-7.7511015, 2.8746524, -4.7710133, 0.49058104, -1.6857443, 0.7009406, 1.2467222, -0.11661625, 3.4680567, 1.6475577, 6.0975466, 2.0682755, 6.0624876, 5.188604, 7.4999437, 8.484232)
depth = 2.24

[node name="CaveEnv" parent="." instance=ExtResource("1_rxes3")]

[node name="Node3D" type="Node3D" parent="."]

[node name="CSGPolygon3D4" type="CSGPolygon3D" parent="Node3D"]
transform = Transform3D(1, 0, 0, 0, -4.37114e-08, 1, 0, -1, -4.37114e-08, -24, -1.04907e-06, -24)
use_collision = true
polygon = PackedVector2Array(-9.12218, -5.50803, 0.604877, -4.22815, 7.77218, -1.92437, 12.1238, 4.34702, 12.8917, 11.3863, 11.8678, 15.8659, 7.90017, 14.714, 5.72438, 10.2345, -1.44293, 7.80269, -5.02658, 3.5791, -8.48225, 1.27532, -12.0659, -2.6923, -10.914, -5.63601)
depth = 1.85

[node name="CSGPolygon3D5" type="CSGPolygon3D" parent="Node3D"]
transform = Transform3D(1, 0, 0, 0, -4.37114e-08, 1, 0, -1, -4.37114e-08, -24, -2.4683702, -24)
use_collision = true
polygon = PackedVector2Array(-9.743912, -4.041361, -6.271755, -3.6059608, -3.3395653, -3.9000874, -0.003162384, -2.452057, 3.865324, -1.875185, 5.6344414, -0.22158241, 8.300058, 1.0708466, 9.003866, 3.7782059, 11.588211, 6.7895184, 11.046871, 11.141388, 11.305668, 14.559494, 9.139488, 12.958408, -7.3422813, -1.781004, -12.475174, -3.4291801)
depth = 2.71

[node name="Area3D" type="Area3D" parent="."]
transform = Transform3D(1, 0, 0, 0, 1, 0, 0, 0, 1, 8, -2.37805, -7)

[node name="CollisionPolygon3D" type="CollisionPolygon3D" parent="Area3D"]
transform = Transform3D(1, 0, 0, 0, -4.37114e-08, -1, 0, 1, -4.37114e-08, 0, -2, -8.74228e-08)
polygon = PackedVector2Array(-48.2858, -45.1708, 9.23582, -56.5374, 68.1351, -39.4876, 76.9184, 13.9007, 46.6076, 43.8671, -22.1083, 46.2781, -66.8855, 31.295, -72.2244, -14.6878)

[node name="DrawBridge" type="Node3D" parent="."]
transform = Transform3D(0.95180875, 0, 0.3066922, 0, 1, 0, -0.3066922, 0, 0.95180875, -25.219475, -0.5, -19.19378)

[node name="CSGBox3D" type="CSGBox3D" parent="DrawBridge"]
transform = Transform3D(0.9930623, 0, 0.117589414, 0, 1, 0, -0.117589414, 0, 0.9930623, 0, 2.8726196, 0)
visible = false
size = Vector3(1, 6, 1)

[node name="CSGBox3D2" type="CSGBox3D" parent="DrawBridge"]
transform = Transform3D(0.9930623, 0, 0.117589414, 0, 1, 0, -0.117589414, 0, 0.9930623, 2.979185, 2.75, -0.35276794)
visible = false
size = Vector3(1, 6, 1)

[node name="CSGBox3D3" type="CSGBox3D" parent="DrawBridge"]
transform = Transform3D(1, 0, 2.9802322e-08, 0, 0.9237593, -0.38297367, 0, 0.38297367, 0.92375934, 3.6640491, 3.9078977, -0.03986168)
size = Vector3(0.4073105, 0.9378128, 0.46038818)

[node name="CSGBox3D4" type="CSGBox3D" parent="DrawBridge"]
transform = Transform3D(1, 0, 2.9802322e-08, 0, 0.9237593, -0.38297367, 0, 0.38297367, 0.92375934, 0.25868034, 3.863469, -0.05827713)
size = Vector3(0.4073105, 1.0340042, 0.46038818)

[node name="CSGPolygon3D" type="CSGPolygon3D" parent="DrawBridge"]
use_collision = true
polygon = PackedVector2Array(-0.59804344, 0.107899666, -0.38044548, 3.1569881, -0.02677536, 5.0968328, -0.0023345947, 5.939989, 0.21676636, 5.5867615, 0.3912468, 5.7557755, 0.79868317, 4.1103024, 0.6534004, 3.141825, 0.85697937, 1.8625965, 0.9543648, 0.011973381)

[node name="CSGPolygon3D2" type="CSGPolygon3D" parent="DrawBridge"]
transform = Transform3D(1, 0, 0, 0, 1, 0, 0, 0, 1, 3.4376125, 0, -5.2154064e-08)
use_collision = true
polygon = PackedVector2Array(-0.5443783, 0.02773714, -0.49066067, 2.92389, -0.29946518, 4.3506136, -0.17405796, 5.593999, -0.013228416, 5.4073353, 0.2059946, 6.105523, 0.3387537, 5.851143, 0.6334162, 5.6678743, 0.85761166, 3.6581755, 0.8661556, 2.4924297, 1.1973639, -0.019692898, -0.15130329, -0.15074635)

[node name="DrawBridgePivot" type="Node3D" parent="DrawBridge"]
transform = Transform3D(1, 0, 0, 0, 0.8616291, -0.5075384, 0, 0.5075384, 0.8616291, 2.056885, 0.27132082, -0.45170125)

[node name="CSGPolygon3D4" type="CSGPolygon3D" parent="DrawBridge/DrawBridgePivot"]
transform = Transform3D(0.99999994, 0, 0, 0, 1, 0, 0, 0, 1, -0.23153616, 0.10504701, 0.044303298)
use_collision = true
polygon = PackedVector2Array(-0.78873444, 0.19578195, -1.0874672, 5.0328197, -0.9262047, 5.71179, -0.6314564, 6.1036167, 0.69849014, 5.894495, 1.0489254, 5.1925983, 1.0344162, 0.15208459)
depth = 0.32
material = SubResource("StandardMaterial3D_cqjvr")

[node name="CSGBox3D3" type="CSGBox3D" parent="DrawBridge/DrawBridgePivot"]
transform = Transform3D(1.0000001, 0, 0, 0, 0.99999905, 0, 0, 0, 0.9999985, -0.19601059, 2.8335571, 0.095321655)
visible = false
size = Vector3(1.7948608, 6.6679688, 0.31652832)

[node name="Area3DBridge4_3Enter" type="Area3D" parent="DrawBridge/DrawBridgePivot"]
transform = Transform3D(1, 0, 0, 0, 1, 0, 0, 0, 1, -0.25349045, 1.0348129, -4.4703484e-08)

[node name="CollisionShape3D" type="CollisionShape3D" parent="DrawBridge/DrawBridgePivot/Area3DBridge4_3Enter"]
transform = Transform3D(1, 0, 0, 0, 1, 0, 0, 0, 1, -0.0340271, 0.096191406, -2.1408691)
shape = SubResource("BoxShape3D_lpgdq")

[node name="Area3DBridge4_1Enter" type="Area3D" parent="DrawBridge/DrawBridgePivot"]
transform = Transform3D(1, 0, 0, 0, 1, 0, 0, 0, 1, -0.20903587, 5.21883, 2.5331974e-07)

[node name="CollisionShape3D" type="CollisionShape3D" parent="DrawBridge/DrawBridgePivot/Area3DBridge4_1Enter"]
transform = Transform3D(1, 0, 0, 0, 1, 0, 0, 0, 1, -0.0340271, 0.096191406, -2.1408691)
shape = SubResource("BoxShape3D_lpgdq")

[node name="Area3DBridge4_3Transition" type="Area3D" parent="DrawBridge/DrawBridgePivot"]
transform = Transform3D(1, 0, 0, 0, 1, 0, 0, 0, 1, -0.25640488, 3.2033234, 3.2782555e-07)

[node name="CollisionShape3D" type="CollisionShape3D" parent="DrawBridge/DrawBridgePivot/Area3DBridge4_3Transition"]
transform = Transform3D(1, 0, 0, 0, 1, 0, 0, 0, 1, -0.0340271, 0.096191406, -2.1408691)
shape = SubResource("BoxShape3D_lpgdq")

[node name="OmniLight3D" type="OmniLight3D" parent="DrawBridge"]
transform = Transform3D(1, 0, 0, 0, 1, 0, 0, 0, 1, 3.6380453, 4.561471, 0.2630158)
light_color = Color(0.932176, 0.5351234, 0.5530231, 1)
omni_range = 10.107793

[node name="CSGPolygon3D3" type="CSGPolygon3D" parent="DrawBridge"]
transform = Transform3D(0.3277456, 0, 0.94476646, 0, 1, 0, -0.94476646, 0, 0.3277456, 0, 0, 0)
polygon = PackedVector2Array(0.15960121, 3.8263607, 0.09523392, 3.6317677, -3.1951075, 5.858903, -5.8438044, 7.58551, -9.639315, 9.0443535, -12.718393, 9.7406, -15.377205, 10.517496, -17.206638, 11.372636, -19.167131, 11.514719, -19.899006, 11.185411, -20.427954, 10.750441, -21.08805, 10.019852, -22.650784, 8.343996, -21.090832, 5.0235434, -20.592432, 3.9239032, -20.281597, 2.8162162, -20.264046, 1.9548877, -20.40847, 2.095662, -20.392168, 2.8318934, -20.760635, 3.854895, -21.291409, 5.0488286, -22.85425, 8.388027, -21.202778, 10.133368, -20.507275, 10.854355, -20.004951, 11.285612, -19.213478, 11.698777, -17.116467, 11.594799, -15.313152, 10.740862, -12.604319, 9.982783, -9.546781, 9.359164, -5.684498, 7.820256, -3.1352615, 6.150399)
depth = 0.09
material = SubResource("StandardMaterial3D_3cb6x")

[node name="CSGPolygon3D4" type="CSGPolygon3D" parent="DrawBridge"]
transform = Transform3D(0.9999272, 0, -0.01211217, 0, 1, 0, 0.01211217, 0, 0.9999272, 21.751831, -1.9073486e-06, -0.2592945)
polygon = PackedVector2Array(-17.57977, 4.588466, -17.217598, 6.2709155, -16.721153, 9.132895, -18.73339, 9.411686, -17.09714, 12.798187, -6.553152, 14.648167, -4.9105687, 2.5707552, -2.5503669, 2.2925808, -1.3515506, 2.4143057, -0.06771994, 1.8043271, 1.1336622, 1.7022822, 1.2271185, 1.9814565, -0.025673866, 1.998349, -1.3048296, 2.6045926, -2.5430722, 2.5011034, -4.715435, 2.823991, -6.28305, 15.102795, -17.328648, 13.126221, -18.972776, 9.322084, -16.999836, 8.960056, -17.424183, 6.288555, -17.847351, 4.6591916)
depth = 0.09
material = SubResource("StandardMaterial3D_cc5tm")

[node name="ElectricalBox" type="Node3D" parent="DrawBridge"]
transform = Transform3D(1, 0, 0, 0, 1, 0, 0, 0, 1, -6.5884514, -9.536743e-07, 18.79374)

[node name="MeshInstance3D2" type="MeshInstance3D" parent="DrawBridge/ElectricalBox"]
transform = Transform3D(0.98676443, -0.07276521, 0.1449182, 0.0762601, 0.9969126, -0.018701494, -0.14310998, 0.029505447, 0.9892672, -0.019210815, 0.6550137, 0.45881653)
mesh = SubResource("CylinderMesh_1jw75")
skeleton = NodePath("../..")

[node name="MeshInstance3D4" type="MeshInstance3D" parent="DrawBridge/ElectricalBox"]
transform = Transform3D(0.98676443, -0.07276521, 0.1449182, 0.0762601, 0.9969126, -0.018701494, -0.14310998, 0.029505447, 0.9892672, -0.04976082, 1.0735416, 0.4711995)
mesh = SubResource("CylinderMesh_mj76i")
skeleton = NodePath("../..")

[node name="MeshInstance3D3" type="MeshInstance3D" parent="DrawBridge/ElectricalBox"]
transform = Transform3D(0.98676443, -0.07276521, 0.1449182, 0.0762601, 0.9969126, -0.018701494, -0.14310998, 0.029505447, 0.9892672, -0.096666336, 1.7162001, 0.49022388)
mesh = SubResource("CylinderMesh_1jw75")
skeleton = NodePath("../..")

[node name="StaticBody3D" type="StaticBody3D" parent="DrawBridge/ElectricalBox/MeshInstance3D3"]

[node name="CollisionShape3D" type="CollisionShape3D" parent="DrawBridge/ElectricalBox/MeshInstance3D3/StaticBody3D"]
shape = SubResource("ConvexPolygonShape3D_3cb6x")

[node name="Area3DElectricalBox" type="Area3D" parent="DrawBridge/ElectricalBox"]
transform = Transform3D(1, 0, 0, 0, 1, 0, 0, 0, 1, -0.09807968, 0.14244866, 0.14180374)

[node name="CollisionShape3D" type="CollisionShape3D" parent="DrawBridge/ElectricalBox/Area3DElectricalBox"]
shape = SubResource("SphereShape3D_3cb6x")

[node name="Sprite3D" type="Sprite3D" parent="DrawBridge/ElectricalBox"]
transform = Transform3D(1, 0, 0, 0, 1, 0, 0, 0, 1, 0.52178955, 2.2299836, 1.0887623)
visible = false
billboard = 1
texture = SubResource("ViewportTexture_cc5tm")

[node name="SubViewport" type="SubViewport" parent="DrawBridge/ElectricalBox"]
transparent_bg = true

[node name="CenterContainer" type="CenterContainer" parent="DrawBridge/ElectricalBox/SubViewport"]
anchors_preset = 15
anchor_right = 1.0
anchor_bottom = 1.0
grow_horizontal = 2
grow_vertical = 2

[node name="HBoxContainer" type="HBoxContainer" parent="DrawBridge/ElectricalBox/SubViewport/CenterContainer"]
modulate = Color(0.3765157, 0.6636825, 0.72605973, 0.71800005)
layout_mode = 2

[node name="TextureRect" type="TextureRect" parent="DrawBridge/ElectricalBox/SubViewport/CenterContainer/HBoxContainer"]
layout_mode = 2
texture = SubResource("Texture2D_mj76i")
expand_mode = 2

[node name="Label" type="Label" parent="DrawBridge/ElectricalBox/SubViewport/CenterContainer/HBoxContainer"]
layout_mode = 2
theme_override_fonts/font = ExtResource("4_8s3b3")
text = "to power on"

[node name="ElectricalBox2" type="Node3D" parent="DrawBridge"]
transform = Transform3D(1, 0, 0, 0, 1, 0, 0, 0, 1, 22.820988, -1.1920929e-06, -0.7124138)

[node name="MeshInstance3D2" type="MeshInstance3D" parent="DrawBridge/ElectricalBox2"]
transform = Transform3D(0.98676443, -0.07276521, 0.1449182, 0.0762601, 0.9969126, -0.018701494, -0.14310998, 0.029505447, 0.9892672, -0.019210815, 0.6550137, 0.45881653)
mesh = SubResource("CylinderMesh_1jw75")
skeleton = NodePath("../..")

[node name="MeshInstance3D4" type="MeshInstance3D" parent="DrawBridge/ElectricalBox2"]
transform = Transform3D(0.98676443, -0.07276521, 0.1449182, 0.0762601, 0.9969126, -0.018701494, -0.14310998, 0.029505447, 0.9892672, -0.04976082, 1.0735416, 0.4711995)
mesh = SubResource("CylinderMesh_cc5tm")
skeleton = NodePath("../..")

[node name="MeshInstance3D3" type="MeshInstance3D" parent="DrawBridge/ElectricalBox2"]
transform = Transform3D(0.98676443, -0.07276521, 0.1449182, 0.0762601, 0.9969126, -0.018701494, -0.14310998, 0.029505447, 0.9892672, -0.096666336, 1.7162001, 0.49022388)
mesh = SubResource("CylinderMesh_1jw75")
skeleton = NodePath("../..")

[node name="StaticBody3D" type="StaticBody3D" parent="DrawBridge/ElectricalBox2/MeshInstance3D3"]

[node name="CollisionShape3D" type="CollisionShape3D" parent="DrawBridge/ElectricalBox2/MeshInstance3D3/StaticBody3D"]
shape = SubResource("ConvexPolygonShape3D_3cb6x")

[node name="Area3DElectricalBox2" type="Area3D" parent="DrawBridge/ElectricalBox2"]
transform = Transform3D(1, 0, 0, 0, 1, 0, 0, 0, 1, -0.09807968, 0.14244866, 0.14180374)

[node name="CollisionShape3D" type="CollisionShape3D" parent="DrawBridge/ElectricalBox2/Area3DElectricalBox2"]
shape = SubResource("SphereShape3D_3cb6x")

[node name="Sprite3D" type="Sprite3D" parent="DrawBridge/ElectricalBox2"]
transform = Transform3D(1, 0, 0, 0, 1, 0, 0, 0, 1, -0.0148768425, 2.1761003, 1.3668842)
visible = false
billboard = 1
texture = SubResource("ViewportTexture_naavy")

[node name="SubViewport" type="SubViewport" parent="DrawBridge/ElectricalBox2"]
transparent_bg = true

[node name="CenterContainer" type="CenterContainer" parent="DrawBridge/ElectricalBox2/SubViewport"]
anchors_preset = 15
anchor_right = 1.0
anchor_bottom = 1.0
grow_horizontal = 2
grow_vertical = 2

[node name="HBoxContainer" type="HBoxContainer" parent="DrawBridge/ElectricalBox2/SubViewport/CenterContainer"]
modulate = Color(0.78818816, 0.21508199, 0.368734, 0.647)
layout_mode = 2

[node name="TextureRect" type="TextureRect" parent="DrawBridge/ElectricalBox2/SubViewport/CenterContainer/HBoxContainer"]
layout_mode = 2
texture = SubResource("Texture2D_mj76i")
expand_mode = 2

[node name="Label" type="Label" parent="DrawBridge/ElectricalBox2/SubViewport/CenterContainer/HBoxContainer"]
layout_mode = 2
theme_override_fonts/font = ExtResource("4_8s3b3")
text = "to power on"

[node name="Area3D2Zoom" type="Area3D" parent="."]
transform = Transform3D(1, 0, 0, 0, 1, 0, 0, 0, 1, -20.50721, 0, -17.636942)

[node name="CSGPolygon3D" type="CSGPolygon3D" parent="Area3D2Zoom"]
transform = Transform3D(1, 0, 0, 0, -4.371139e-08, 1, 0, -1, -4.371139e-08, 0, 1.4099479, 0)
visible = false
polygon = PackedVector2Array(5.640152, -1.7501183, 3.8089314, -4.6290846, -4.595896, -5.9053535, -7.469042, -5.324667, -7.774294, -4.421711, -4.438837, -2.8591862, -5.264776, 1.4622726, -10.047588, 0.73615074, -9.89043, 2.7601109, -5.00263, 3.3033218, -1.1721859, 4.4730415, 3.8778667, 6.086729, 4.5960293, 4.155592, -0.49739647, 2.2012749, -0.022470474, -1.1261902)
depth = 3.28

[node name="CollisionShape3D" type="CollisionShape3D" parent="Area3D2Zoom"]
transform = Transform3D(0.9494967, 0, 0.31377703, 0, 1, 0, -0.31377703, 0, 0.9494967, -0.82302666, 0.8375511, 0.19928169)
shape = SubResource("BoxShape3D_cqjvr")

[node name="ZertCrossBridge" type="Node3D" parent="."]

[node name="NavigationRegion3D" type="NavigationRegion3D" parent="ZertCrossBridge"]
navigation_mesh = SubResource("NavigationMesh_3cb6x")

[node name="Bridge" type="CSGPolygon3D" parent="ZertCrossBridge/NavigationRegion3D"]
transform = Transform3D(1, 0, 0, 0, -4.37114e-08, 1, 0, -1, -4.37114e-08, -9.627846, 0, -10.159151)
use_collision = true
polygon = PackedVector2Array(-1.8704576, 3.6417255, 0.030448914, 6.083153, 3.1692352, 8.361553, 6.294688, 10.299801, 7.575799, 11.817871, 9.335779, 11.085932, 10.828085, 9.133411, 9.363243, 8.5028, 7.2541027, 6.2569866, 4.777767, 4.7996693, 2.7591705, 3.1319847, 2.3507972, 1.9732475, -0.2145958, 2.1700182)

[node name="Bridge2" type="CSGPolygon3D" parent="ZertCrossBridge"]
transform = Transform3D(1, 0, 0, 0, -4.37114e-08, 1, 0, -1, -4.37114e-08, -10.31206, -0.9999995, -10.678936)
polygon = PackedVector2Array(9.638559, 10.537643, 8.974784, 8.99552, 7.239012, 6.1112766, 4.403923, 5.026289, 2.7606297, 2.8200493, -0.2145958, 2.1700182)
depth = 1.85

[node name="SpotLight3D" type="SpotLight3D" parent="ZertCrossBridge"]
transform = Transform3D(1, 0, 0, 0, -4.371139e-08, 1, 0, -1, -4.371139e-08, -5, 9.051401, -17)
light_color = Color(0.6334273, 0.39881778, 0.5839502, 1)
light_energy = 0.489
spot_range = 13.125083

[node name="Area3DExit4_1" type="Area3D" parent="ZertCrossBridge"]
transform = Transform3D(0.9215924, 0, -0.3881591, 0, 1, 0, 0.3881591, 0, 0.9215924, -9.132637, 0, -13.313523)

[node name="CollisionShape3D" type="CollisionShape3D" parent="ZertCrossBridge/Area3DExit4_1"]
transform = Transform3D(0.99697864, 0, -0.07767612, 0, 1, 0, 0.07767612, 0, 0.99697864, 0.36115456, 1.4952555, -0.63641167)
shape = SubResource("BoxShape3D_3cb6x")

[node name="Area3DMidBridge" type="Area3D" parent="ZertCrossBridge"]
transform = Transform3D(0.6756803, 0, -0.7371948, 0, 1, 0, 0.7371948, 0, 0.6756803, -5.158768, 0, -16.99354)

[node name="CollisionShape3D" type="CollisionShape3D" parent="ZertCrossBridge/Area3DMidBridge"]
transform = Transform3D(1, 0, 0, 0, 1, 0, 0, 0, 1, -0.014530182, 1.4952545, -9.536743e-07)
shape = SubResource("BoxShape3D_3cb6x")

[node name="Area3D2Exit4_2" type="Area3D" parent="ZertCrossBridge"]
transform = Transform3D(0.763582, 0, -0.64571095, 0, 1, 0, 0.64571095, 0, 0.763582, -0.551561, -9.536743e-07, -20.54447)

[node name="CollisionShape3D" type="CollisionShape3D" parent="ZertCrossBridge/Area3D2Exit4_2"]
transform = Transform3D(0.99566317, 0, -0.09303093, 0, 1, 0, 0.09303093, 0, 0.99566317, -0.2551489, 1.495254, 1.5423031)
shape = SubResource("BoxShape3D_3cb6x")

[node name="ZertAgent" parent="ZertCrossBridge" instance=ExtResource("3_3cb6x")]
transform = Transform3D(1, 0, 0, 0, 1, 0, 0, 0, 1, -4.993451, 1, -17.17958)
line_path_length = 1.5
line_path_angle = 130

[node name="Floor" type="CSGPolygon3D" parent="."]
transform = Transform3D(1, 0, 0, 0, -4.37114e-08, 1, 0, -1, -4.37114e-08, 0, 0, 0)
use_collision = true
polygon = PackedVector2Array(4.4032, 43.201, -6.85971, 34.1139, -2.8921, 22.723, 8.24282, 13.5079, 25.052916, 12.426071, 26.933262, 13.3932705, 28.429747, 14.7523, 26.366957, 17.678759, 24.07127, 20.020983, 25.402931, 24.48561, 24.909302, 26.79777, 9.745699, 27.11259, 9.202773, 24.771238, 9.088884, 24.866217, 7.9137874, 24.710005, 6.142618, 25.623693, 5.381898, 27.12558, 6.7887135, 27.863636, 8.083576, 30.274086, 10.572278, 30.640114, 12.837945, 31.825384, 15.43318, 32.08673, 16.669369, 34.06601, 18.760283, 35.241783, 19.904196, 38.447647, 12.8504, 42.6891)

[node name="CSGBox3D37" type="CSGBox3D" parent="."]
transform = Transform3D(0.68982565, 0.7115479, 0.13356782, -0.64413625, 0.51899505, 0.5619002, 0.33049697, -0.47364926, 0.81635004, -25.141108, -0.55630493, 1.2308486)
use_collision = true
size = Vector3(2.16656, 1.86035, 0.87890625)

[node name="CSGBox3D38" type="CSGBox3D" parent="."]
transform = Transform3D(0.9068609, 0.14662948, 0.39509758, -0.04520683, 0.96595675, -0.2547232, -0.41899735, 0.21313706, 0.88261735, -25.600428, -0.5789763, 1.6495928)
use_collision = true
size = Vector3(0.92263544, 1.86035, 0.87890625)

[node name="Node3D2" type="Node3D" parent="."]

[node name="CSGPolygon3D6" type="CSGPolygon3D" parent="Node3D2"]
transform = Transform3D(1, 0, 0, 0, -4.371139e-08, 1, 0, -1, -4.371139e-08, 0, 0, 0)
use_collision = true
polygon = PackedVector2Array(-5.039062, 0.26468205, -1.76378, -1.4391944, 1.5792391, -2.4462476, 4.2159615, -4.5877, 5.468791, -2.696277, 5.072666, -0.6568544, 2.9631145, 0.87910795, -1.0473094, 2.0348873, -4.008524, 3.6166801, -5.0887666, 2.0194302)

[node name="CSGPolygon3D7" type="CSGPolygon3D" parent="Node3D2"]
transform = Transform3D(1, 0, 0, 0, -4.371139e-08, 1, 0, -1, -4.371139e-08, 0, -1.4950614, 0)
polygon = PackedVector2Array(-0.42497015, -1.5320468, 2.0968416, -1.7031112, 4.416193, -3.6793833, 4.9600096, -1.361196, -5.0887666, 2.0194302, -4.5804963, 0.20168877, -2.5645528, -0.18741608)
depth = 1.61

[node name="Area3DTransition4_4" type="Area3D" parent="Node3D2"]

[node name="CollisionShape3D" type="CollisionShape3D" parent="Node3D2/Area3DTransition4_4"]
transform = Transform3D(0.93605345, 0, -0.35185802, 0, 1, 0, 0.35185802, 0, 0.93605345, 0, 1.3457317, 0)
shape = SubResource("BoxShape3D_1jw75")

[node name="Area3DExit4_4" type="Area3D" parent="Node3D2"]
transform = Transform3D(1, 0, 0, 0, 1, 0, 0, 0, 1, -4.1949477, 0, -1.7076154)

[node name="CollisionShape3D" type="CollisionShape3D" parent="Node3D2/Area3DExit4_4"]
transform = Transform3D(0.93605345, 0, -0.35185802, 0, 1, 0, 0.35185802, 0, 0.93605345, 1.059125, 1.3457317, 0.54540205)
shape = SubResource("BoxShape3D_1jw75")

[node name="Area3D3Enter4_4" type="Area3D" parent="Node3D2"]
transform = Transform3D(1, 0, 0, 0, 1, 0, 0, 0, 1, 3.60786, 0, 2.2905924)

[node name="CollisionShape3D" type="CollisionShape3D" parent="Node3D2/Area3D3Enter4_4"]
transform = Transform3D(0.93605345, 0, -0.35185802, 0, 1, 0, 0.35185802, 0, 0.93605345, -0.62739563, 1.3457317, -0.65715766)
shape = SubResource("BoxShape3D_1jw75")

[node name="SpotLight3D" type="SpotLight3D" parent="Node3D2"]
transform = Transform3D(1, 0, 0, 0, -4.371139e-08, 1, 0, -1, -4.371139e-08, 0, 9.051401, 0)
light_color = Color(0.145616, 0.34707463, 0.4452173, 1)
light_energy = 3.298
spot_range = 13.125083

[connection signal="body_entered" from="Area3D" to="." method="_on_area_3d_body_entered"]
[connection signal="body_entered" from="DrawBridge/DrawBridgePivot/Area3DBridge4_3Enter" to="." method="_on_area_3d_bridge_4_3_enter_body_entered"]
[connection signal="body_entered" from="DrawBridge/DrawBridgePivot/Area3DBridge4_1Enter" to="." method="_on_area_3d_bridge_4_1_enter_body_entered"]
[connection signal="body_entered" from="DrawBridge/DrawBridgePivot/Area3DBridge4_3Transition" to="." method="_on_area_3d_bridge_4_3_transition_body_entered"]
[connection signal="body_entered" from="DrawBridge/ElectricalBox/Area3DElectricalBox" to="." method="_on_area_3d_electrical_box_body_entered"]
[connection signal="body_exited" from="DrawBridge/ElectricalBox/Area3DElectricalBox" to="." method="_on_area_3d_electrical_box_body_exited"]
[connection signal="body_entered" from="DrawBridge/ElectricalBox2/Area3DElectricalBox2" to="." method="_on_area_3d_electrical_box_2_body_entered"]
[connection signal="body_exited" from="DrawBridge/ElectricalBox2/Area3DElectricalBox2" to="." method="_on_area_3d_electrical_box_2_body_exited"]
[connection signal="body_entered" from="Area3D2Zoom" to="." method="_on_area_3d_2_zoom_body_entered"]
[connection signal="body_exited" from="Area3D2Zoom" to="." method="_on_area_3d_2_zoom_body_exited"]
[connection signal="body_entered" from="ZertCrossBridge/Area3DExit4_1" to="." method="_on_area_3d_exit_4_1_body_entered"]
[connection signal="body_entered" from="ZertCrossBridge/Area3DMidBridge" to="." method="_on_area_3d_mid_bridge_body_entered"]
[connection signal="body_entered" from="ZertCrossBridge/Area3D2Exit4_2" to="." method="_on_area_3d_2_exit_4_2_body_entered"]
[connection signal="body_entered" from="Node3D2/Area3DTransition4_4" to="." method="_on_area_3d_transition_4_4_body_entered"]
[connection signal="body_entered" from="Node3D2/Area3DExit4_4" to="." method="_on_area_3d_exit_4_4_body_entered"]
[connection signal="body_entered" from="Node3D2/Area3D3Enter4_4" to="." method="_on_area_3d_3_enter_4_4_body_entered"]
