[gd_scene load_steps=5 format=3 uid="uid://r5un80qecc70"]

[ext_resource type="PackedScene" uid="uid://b6t1s1ntpjpeu" path="res://scenes/items/starter_weapon.tscn" id="1_8evv8"]

[sub_resource type="ProceduralSkyMaterial" id="ProceduralSkyMaterial_muklc"]
sky_top_color = Color(0.46903396, 0.7563706, 0.8889926, 1)
sky_horizon_color = Color(1.0147052, 1.0238396, 1.0318143, 1)
ground_bottom_color = Color(0.44378757, 0.1929883, 0.09226511, 1)
ground_horizon_color = Color(1.0147052, 1.0238396, 1.0318143, 1)

[sub_resource type="Sky" id="Sky_ayugy"]
sky_material = SubResource("ProceduralSkyMaterial_muklc")

[sub_resource type="Environment" id="Environment_ao6ir"]
background_mode = 2
sky = SubResource("Sky_ayugy")
tonemap_mode = 2

[node name="Level1" type="Node3D"]

[node name="WorldEnvironment" type="WorldEnvironment" parent="."]
environment = SubResource("Environment_ao6ir")

[node name="DirectionalLight3D" type="DirectionalLight3D" parent="."]
transform = Transform3D(-0.8660254, -0.43301278, 0.25, 0, 0.49999997, 0.86602545, -0.50000006, 0.75, -0.43301266, 0, 2.0817633, 0)
light_color = Color(0.57516384, 0.6309112, 0.78135455, 1)
shadow_enabled = true
directional_shadow_max_distance = 1.0

[node name="CSGBox3D" type="CSGBox3D" parent="."]
transform = Transform3D(0, 0, -0.99999994, 0, 1, 0, 0.99999994, 0, 0, 0, -0.5, 0)
use_collision = true
size = Vector3(5, 1, 5)

[node name="CSGBox3D3" type="CSGBox3D" parent="."]
transform = Transform3D(0, 0, -0.99999994, 0, 1, 0, 0.99999994, 0, 0, 10, -0.5, -10)
use_collision = true
size = Vector3(5, 1, 5)

[node name="CSGBox3D2" type="CSGBox3D" parent="."]
transform = Transform3D(0, 0, -0.99999994, 0, 1, 0, 0.99999994, 0, 0, 4.9497476, -0.5, -4.9497476)
use_collision = true
size = Vector3(9, 1, 9)

[node name="StarterWeapon" parent="." instance=ExtResource("1_8evv8")]
transform = Transform3D(1, 0, 0, 0, 1, 0, 0, 0, 1, 2, 0, -2)

[node name="CSGPolygon3D" type="CSGPolygon3D" parent="."]
transform = Transform3D(1, 0, 0, 0, -4.371139e-08, 1, 0, -1, -4.371139e-08, 0, -1, 0)
polygon = PackedVector2Array(-1.6514866, -1.4357642, -0.8084466, -1.7850498, 0.6083595, -1.0663971, 1.6426494, -1.3278348, 1.6204153, 0.34081262, 2.2385895, 1.2905962, 3.4354951, 1.0827861, 4.9012785, 1.6622819, 6.3359313, 0.93398005, 7.4086056, 2.1729712, 8.553916, 2.5462759, 7.851851, 4.714077, 8.556901, 6.118539, 8.383911, 7.9353213, 6.9712024, 8.1705885)
depth = 1.46

[node name="CSGPolygon3D2" type="CSGPolygon3D" parent="."]
transform = Transform3D(1, 0, 0, 0, -4.371139e-08, 1, 0, -1, -4.371139e-08, 0, -2.1515217, 0)
polygon = PackedVector2Array(7.047225, 7.5993533, 7.8201513, 5.7685866, 7.1093454, 4.414007, 7.081565, 3.0897384, 6.0872755, 1.9136617, 4.1433735, 2.1371675, 1.5957513, 1.4562488, 0.054851532, 0.20562911, -1.2402682, -1.5881056, -2.509981, -1.2004942)
depth = 1.33

[node name="CSGBox3D4" type="CSGBox3D" parent="."]
transform = Transform3D(0.70710677, 0, 0.70710677, 0, 1, 0, -0.70710677, 0, 0.70710677, 1.1537517, 4.8812056, -1.3151208)
use_collision = true
size = Vector3(0.696, 3.073, 3.862)

[node name="CSGBox3D5" type="CSGBox3D" parent="."]
transform = Transform3D(0.70710677, 0, 0.70710677, 0, 1, 0, -0.70710677, 0, 0.70710677, 8.558106, 5.280001, -8.719476)
use_collision = true
size = Vector3(0.53184915, 3.073, 3.862)
